0  0  0  25
0.1  1.763619203  1.714645955  24.20062843
0.2  3.518968844  3.323382156  23.42598995
0.3  5.2660877  4.826705212  22.67790279
0.4  7.005014364  6.225109403  21.95834887
0.5  8.735787248  7.519086689  21.26947673
0.6  10.45844459  8.709126726  20.6135996
0.7  12.17302443  9.795716872  19.99318673
0.8  13.87956466  10.7793422  19.41084606
0.9  15.57810297  11.66048551  18.86929596
1  17.26867688  12.43962734  18.37132426
1.1  18.95132374  13.11724597  17.91973297
1.2  20.62608071  13.69381744  17.51726822
1.3  22.29298479  14.16981556  17.16653648
1.4  23.95207281  14.5457119  16.86991
1.5  25.6033814  14.82197586  16.62942671
1.6  27.24694706  14.99907459  16.44669184
1.7  28.88280609  15.07747309  16.32279019
1.8  30.51099461  15.05763415  16.25821806
1.9  32.13154861  14.94001842  16.25284278
2  33.74450387  14.72508435  16.30589494
2.1  35.34989603  14.41328828  16.4159947
2.2  36.94776055  14.00508438  16.58120924
2.3  38.53813273  13.50092472  16.79913502
2.4  40.12104769  12.90125922  17.06699603
2.5  41.69654042  12.20653571  17.38174879
2.6  43.2646457  11.41719991  17.74018524
2.7  44.82539818  10.53369546  18.13902691
2.8  46.37883233  9.556463916  18.5750058
2.9  47.92498248  8.485944755  19.04492971
3  49.46388276  7.322575403  19.54573187
3.1  50.99556719  6.066791232  20.07450577
3.2  52.52006959  4.719025573  20.62852722
3.3  54.03742365  3.279709723  21.20526588
3.4  55.54766287  1.74927296  21.80238848
3.5  57.05082062  0.1281425466  22.41775597
3.6  58.54693011  -1.583256257  23.04941631


# Initial Velocity :    25 meters per second . 
0  0  0  50
0.1  3.527238406  3.478265154  49.07838664
0.2  7.037937689  6.842350994  48.17115398
0.3  10.5321754  10.0927929  47.27871415
0.4  14.01002873  13.23012375  46.40150161
0.5  17.4715745  16.25487392  45.53997383
0.6  20.91688917  19.16757129  44.69461193
0.7  24.34604887  21.96874128  43.86592119
0.8  27.75912932  24.65890684  43.05443149
0.9  31.15620594  27.23858846  42.26069749
1  34.53735376  29.70830419  41.48529872
1.1  37.90264747  32.06856968  40.72883936
1.2  41.25216142  34.31989811  39.99194778
1.3  44.58596958  36.46280031  39.27527571
1.4  47.90414561  38.49778467  38.57949709
1.5  51.20676281  40.42535722  37.90530645
1.6  54.49389412  42.24602161  37.25341681
1.7  57.76561217  43.96027912  36.62455708
1.8  61.02198922  45.56862871  36.01946885
1.9  64.26309721  47.07156696  35.43890257
2  67.48900774  48.46958816  34.88361304
2.1  70.69979206  49.76318424  34.35435432
2.2  73.8955211  50.95284486  33.85187382
2.3  77.07626546  52.03905738  33.3769059
2.4  80.24209539  53.02230684  32.93016468
2.5  83.39308083  53.90307605  32.51233646
2.6  86.5292914  54.68184553  32.1240716
2.7  89.65079635  55.35909356  31.76597612
2.8  92.75766466  55.93529616  31.43860317
2.9  95.84996495  56.41092714  31.14244453
3  98.92776553  56.78645808  30.87792236
3.1  101.9911344  57.06235833  30.64538151
3.2  105.0401392  57.23909507  30.44508242
3.3  108.0748473  57.31713327  30.27719519
3.4  111.0953257  57.29693573  30.14179457
3.5  114.1016412  57.17896307  30.03885655
3.6  117.0938602  56.96367375  29.96825629
3.7  120.0720488  56.65152409  29.92976767
3.8  123.0362727  56.24296826  29.92306451
3.9  125.9865974  55.73845832  29.94772333
4  128.9230881  55.13844418  30.00322764
4.1  131.8458098  54.44337367  30.08897362
4.2  134.7548268  53.6536925  30.20427698
4.3  137.6502036  52.7698443  30.34838073
4.4  140.532004  51.79227061  30.52046381
4.5  143.4002917  50.72141091  30.71965005
4.6  146.2551301  49.55770262  30.94501753
4.7  149.0965823  48.30158109  31.19560777
4.8  151.924711  46.95347966  31.4704349
4.9  154.7395786  45.51382962  31.76849433
5  157.5412474  43.98306022  32.08877093
5.1  160.3297793  42.36159874  32.4302466
5.2  163.1052358  40.64987042  32.79190713
5.3  165.8676783  38.84829852  33.17274826
5.4  168.6171677  36.95730432  33.57178098
5.5  171.3537649  34.9773071  33.98803615
5.6  174.0775303  32.90872422  34.42056821
5.7  176.788524  30.75197104  34.86845835
5.8  179.4868059  28.50746098  35.33081692
5.9  182.1724356  26.17560555  35.80678529
6  184.8454726  23.7568143  36.29553718
6.1  187.5059757  21.25149486  36.79627946
6.2  190.1540037  18.66005298  37.30825264
6.3  192.7896153  15.98289246  37.83073091
6.4  195.4128685  13.22041526  38.36302192
6.5  198.0238214  10.3730214  38.90446634
6.6  200.6225316  7.441109072  39.45443717
6.7  203.2090565  4.425074573  40.01233891
6.8  205.7834533  1.32531235  40.57760663
6.9  208.3457788  -1.857784999  41.14970491
7  210.8960896  -5.123826719  41.7281267
7.1  213.4344421  -8.472423886  42.31239222
7.2  215.9608924  -11.9031894  42.90204775


# Initial Velocity :    50 meters per second . 
0  0  0  75
0.1  5.290857609  5.241884354  73.95952073
0.2  10.55690653  10.36131983  72.93053317
0.3  15.7982631  15.35888059  71.91320278
0.4  21.01504309  20.2351381  70.90770231
0.5  26.20736175  24.99066115  69.914212
0.6  31.37533376  29.62601586  68.93291977
0.7  36.5190733  34.14176569  67.9640214
0.8  41.63869399  38.53847148  67.00772077
0.9  46.73430891  42.8166914  66.06422994
1  51.80603064  46.97698104  65.13376941
1.1  56.85397121  51.01989338  64.21656816
1.2  61.87824213  54.94597878  63.31286382
1.3  66.87895437  58.75578506  62.42290274
1.4  71.85621842  62.44985743  61.54694006
1.5  76.81014421  66.02873857  60.68523973
1.6  81.74084118  69.49296862  59.83807448
1.7  86.64841826  72.84308516  59.0057258
1.8  91.53298383  76.07962327  58.18848376
1.9  96.39464582  79.20311551  57.38664691
2  101.2335116  82.21409197  56.60052202
2.1  106.0496881  85.11308021  55.83042377
2.2  110.8432816  87.90060535  55.07667438
2.3  115.6143982  90.57719003  54.33960316
2.4  120.3631431  93.14335446  53.61954592
2.5  125.0896213  95.59961639  52.91684435
2.6  129.7939371  97.94649115  52.23184524
2.7  134.4761945  100.1844917  51.56489965
2.8  139.136497  102.3141284  50.91636185
2.9  143.7749474  104.3359095  50.28658829
3  148.3916483  106.2503408  49.67593634
3.1  152.9867016  108.0579254  49.0847629
3.2  157.5602088  109.7591646  48.51342296
3.3  162.1122709  111.3545568  47.96226796
3.4  166.6429886  112.8445985  47.43164408
3.5  171.1524619  114.2297836  46.92189036
3.6  175.6407903  115.5106037  46.43333676
3.7  180.1080731  116.6875484  45.96630209
3.8  184.554409  117.7611045  45.52109192
3.9  188.9798961  118.7317569  45.09799634
4  193.3846322  119.5999881  44.69728774
4.1  197.7687146  120.3662784  44.31921858
4.2  202.1322402  121.0311058  43.96401912
4.3  206.4753054  121.594946  43.63189524
4.4  210.798006  122.0582725  43.32302631
4.5  215.1004376  122.4215566  43.03756315
4.6  219.3826952  122.6852676  42.77562614
4.7  223.6448734  122.8498721  42.53730352
4.8  227.8870664  122.915835  42.32264984
4.9  232.1093679  122.8836188  42.13168468
5  236.3118711  122.7536838  41.96439159
5.1  240.4946689  122.5264882  41.82071736
5.2  244.6578537  122.2024882  41.70057149
5.3  248.8015174  121.7821375  41.60382608
5.4  252.9257516  121.265888  41.53031592
5.5  257.0306474  120.6541894  41.47983901
5.6  261.1162954  119.9474892  41.45215726
5.7  265.182786  119.1462329  41.4469976
5.8  269.2302088  118.2508638  41.46405327
5.9  273.2586535  117.2618232  41.50298549
6  277.2682088  116.1795504  41.56342519
6.1  281.2589635  115.0044825  41.64497513
6.2  285.2310056  113.7370547  41.74721204
6.3  289.184423  112.3776999  41.86968897
6.4  293.1193028  110.9268494  42.01193772
6.5  297.0357321  109.3849319  42.17347135
6.6  300.9337974  107.7523747  42.35378667
6.7  304.8135848  106.0296027  42.5523668
6.8  308.67518  104.2170388  42.76868365
6.9  312.5186682  102.3151042  43.00220039
7  316.3441345  100.3242179  43.25237375
7.1  320.1516632  98.24479699  43.5186563
7.2  323.9413385  96.07725659  43.80049863
7.3  327.7132442  93.8220099  44.09735129
7.4  331.4674635  91.47946817  44.40866669
7.5  335.2040794  89.05004073  44.73390079
7.6  338.9231743  86.53413498  45.0725147
7.7  342.6248306  83.93215641  45.42397606
7.8  346.3091298  81.24450863  45.78776031
7.9  349.9761535  78.47159333  46.16335178
8  353.6259827  75.61381032  46.55024468
8.1  357.2586979  72.67155756  46.94794391
8.2  360.8743793  69.64523111  47.35596575
8.3  364.473107  66.53522519  47.77383846
8.4  368.0549603  63.34193218  48.2011027
8.5  371.6200184  60.06574261  48.6373119
8.6  375.1683601  56.70704518  49.08203254
8.7  378.7000636  53.26622675  49.53484426
8.8  382.2152071  49.74367241  49.99534003
8.9  385.7138682  46.13976539  50.46312609
9  389.1961242  42.45488718  50.93782195
9.1  392.662052  38.68941742  51.41906029
9.2  396.1117281  34.84373403  51.90648682
9.3  399.5452288  30.91821311  52.39976006
9.4  402.9626299  26.91322903  52.89855115
9.5  406.3640069  22.82915438  53.40254358
9.6  409.749435  18.66636001  53.91143295
9.7  413.1189889  14.42521505  54.42492661
9.8  416.472743  10.10608687  54.94274342
9.9  419.8107715  5.709341143  55.46461339
10  423.133148  1.235341806  55.99027734
10.1  426.439946  -3.315548898  56.51948659
10.2  429.7312385  -7.942970428  57.05200261
10.3  433.0070983  -12.64656393  57.58759666
10.4  436.2675976  -17.42597224  58.12604949
10.5  439.5128086  -22.28083987  58.66715099
10.6  442.7428028  -27.21081298  59.21069981
10.7  445.9576517  -32.2155394  59.7565031
10.8  449.1574262  -37.29466863  60.30437617


# Initial Velocity :    75 meters per second . 
0  0  0  100
0.1  7.054476812  7.005503554  98.84148132
0.2  14.07587538  13.88028867  97.69332005
0.3  21.0643508  20.62496828  96.5555956
0.4  28.02005745  27.24015246  95.42839081
0.5  34.94314899  33.72644839  94.311792
0.6  41.83377835  40.08446043  93.20588911
0.7  48.69209773  46.31479011  92.11077573
0.8  55.51825865  52.41803611  91.0265492
0.9  62.31241189  58.39479434  89.95331071
1  69.07470753  64.24565789  88.89116536
1.1  75.80529495  69.97121708  87.84022222
1.2  82.50432283  75.57205946  86.80059445
1.3  89.17193916  81.04876981  85.77239932
1.4  95.80829123  86.40193019  84.75575832
1.5  102.4135256  91.63211993  83.75079716
1.6  108.9877882  96.73991563  82.7576459
1.7  115.5312243  101.7258912  81.77643894
1.8  122.0439784  106.5906178  80.80731508
1.9  128.5261944  111.3346641  79.85041755
2  134.9780155  115.9585958  78.90589402
2.1  141.3995841  120.4629762  77.97389662
2.2  147.7910422  124.8483658  77.05458195
2.3  154.1525309  129.1153227  76.14811101
2.4  160.4841908  133.2644021  75.25464922
2.5  166.7861617  137.2961567  74.37436636
2.6  173.0585828  141.2111368  73.50743647
2.7  179.3015927  145.0098898  72.6540378
2.8  185.5153293  148.6929607  71.81435264
2.9  191.6999299  152.2608919  70.98856726
3  197.8555311  155.7142234  70.17687168
3.1  203.9822688  159.0534925  69.37945953
3.2  210.0802784  162.2792341  68.59652779
3.3  216.1496946  165.3919804  67.82827656
3.4  222.1906515  168.3922613  67.07490876
3.5  228.2032825  171.2806041  66.33662984
3.6  234.1877204  174.0575338  65.61364739
3.7  240.1440975  176.7235726  64.90617075
3.8  246.0725453  179.2792407  64.21441058
3.9  251.9731948  181.7250555  63.53857841
4  257.8461763  184.0615321  62.87888605
4.1  263.6916195  186.2891832  62.23554512
4.2  269.5096536  188.4085191  61.60876637
4.3  275.3004072  190.4200476  60.99875909
4.4  281.064008  192.3242744  60.40573038
4.5  286.8005835  194.1217024  59.82988447
4.6  292.5102603  195.8128325  59.27142191
4.7  298.1931646  197.3981631  58.73053878
4.8  303.8494219  198.8781904  58.20742588
4.9  309.4791572  200.253408  57.70226783
5  315.0824949  201.5243074  57.2152422
5.1  320.6595586  202.6913777  56.74651861
5.2  326.2104716  203.7551059  56.29625775
5.3  331.7353566  204.7159765  55.86461053
5.4  337.2343355  205.5744718  55.45171708
5.5  342.7075299  206.3310717  55.05770585
5.6  348.1550606  206.9862542  54.68269266
5.7  353.577048  207.5404947  54.32677986
5.8  358.9736118  207.9942666  53.99005545
5.9  364.3448713  208.3480409  53.67259223
6  369.6909451  208.6022865  53.37444705
6.1  375.0119513  208.7574702  53.09566011
6.2  380.3080075  208.8140564  52.83625428
6.3  385.5792306  208.7725074  52.59623456
6.4  390.8257371  208.6332835  52.37558756
6.5  396.0476429  208.3968425  52.1742811
6.6  401.2450633  208.0636403  51.99226392
6.7  406.4181131  207.6341308  51.82946544
6.8  411.5669066  207.1087653  51.6857957
6.9  416.6915576  206.4879934  51.5611453
7  421.7921793  205.7722625  51.45538555
7.1  426.8688843  204.9620179  51.36836865
7.2  431.9217847  204.0577026  51.29992803
7.3  436.9509923  203.0597578  51.24987876
7.4  441.956618  201.9686225  51.21801806
7.5  446.9387725  200.7847336  51.20412591
7.6  451.8975658  199.5085262  51.20796575
7.7  456.8331074  198.1404331  51.22928526
7.8  461.7455065  196.680885  51.26781718
7.9  466.6348714  195.130311  51.32328025
8  471.5013102  193.4891377  51.39538013
8.1  476.3449305  191.75779  51.48381044
8.2  481.1658391  189.9366907  51.58825378
8.3  485.9641427  188.0262606  51.7083828
8.4  490.7399471  186.0269187  51.84386124
8.5  495.4933579  183.9390819  51.99434508
8.6  500.2244801  181.763165  52.15948353
8.7  504.9334182  179.4995811  52.33892018
8.8  509.6202762  177.1487412  52.53229398
8.9  514.2851577  174.7110546  52.7392403
9  518.9281656  172.1869283  52.95939192
9.1  523.5494027  169.5767679  53.19237995
9.2  528.1489708  166.8809765  53.43783475
9.3  532.7269718  164.0999558  53.69538684
9.4  537.2835066  161.2341054  53.96466764
9.5  541.8186759  158.2838231  54.24531031
9.6  546.33258  155.2495048  54.53695039
9.7  550.8253185  152.1315444  54.83922653
9.8  555.2969907  148.9303343  55.15178104
9.9  559.7476953  145.6462647  55.47426048
10  564.1775307  142.2797242  55.80631615
10.1  568.5865947  138.8310995  56.14760452
10.2  572.9749847  135.3007755  56.49778767
10.3  577.3427977  131.6891352  56.8565336
10.4  581.6901301  127.99656  57.22351658
10.5  586.0170781  124.2234294  57.59841735
10.6  590.3237371  120.370121  57.9809234
10.7  594.6102022  116.4370109  58.37072914
10.8  598.8765683  112.4244732  58.76753601
10.9  603.1229295  108.3328803  59.17105264
11  607.3493796  104.162603  59.58099487
11.1  611.556012  99.91401015  59.99708587
11.2  615.7429196  95.58746902  60.41905611
11.3  619.910195  91.1833451  60.84664339
11.4  624.0579301  86.70200216  61.2795928
11.5  628.1862165  82.1438023  61.71765668
11.6  632.2951456  77.50910588  62.16059457
11.7  636.384808  72.7982716  62.60817315
11.8  640.4552941  68.01165646  63.0601661
11.9  644.5066938  63.14961581  63.51635405
12  648.5390966  58.2125033  63.97652445
12.1  652.5525916  53.20067095  64.44047144
12.2  656.5472674  48.11446912  64.90799573
12.3  660.5232123  42.95424652  65.37890447
12.4  664.480514  37.72035023  65.85301111
12.5  668.4192601  32.41312572  66.33013523
12.6  672.3395376  27.03291681  66.81010243
12.7  676.2414329  21.58006572  67.29274416
12.8  680.1250324  16.05491307  67.77789759
12.9  683.9904218  10.45779789  68.2654054
13  687.8376865  4.789057596  68.7551157
13.1  691.6669115  -0.9509719559  69.24688184
13.2  695.4781813  -6.761956494  69.74056225
13.3  699.2715802  -12.64356331  70.23602033
13.4  703.047192  -18.59546127  70.73312425
13.5  706.8051  -24.61732076  71.23174685
13.6  710.5453873  -30.70881375  71.73176546
13.7  714.2681365  -36.86961372  72.23306178
13.8  717.9734298  -43.0993957  72.73552174
13.9  721.6613491  -49.39783622  73.23903535
14  725.3319759  -55.76461337  73.74349658
14.1  728.9853912  -62.19940669  74.24880324
14.2  732.6216757  -68.70189727  74.7548568
14.3  736.2409098  -75.27176769  75.26156235
14.4  739.8431734  -81.90870198  75.7688284


# Initial Velocity :    100 meters per second . 
0  0  0  125
0.1  8.818096015  8.769122754  123.7237698
0.2  17.59484422  17.39925751  122.4574474
0.3  26.3304385  25.89105597  121.2010715
0.4  35.02507182  34.24516681  119.9546828
0.5  43.67893624  42.46223562  118.7183239
0.6  52.29222294  50.542905  117.4920395
0.7  60.86512217  58.48781452  116.2758764
0.8  69.39782331  66.29760075  115.0698836
0.9  77.89051486  73.97289729  113.8741123
1  86.34338441  81.51433474  112.6886156
1.1  94.75661869  88.92254078  111.5134494
1.2  103.1304035  96.19814013  110.3486715
1.3  111.464924  103.3417546  109.1943423
1.4  119.760364  110.354003  108.0505243
1.5  128.016907  117.2355013  106.9172828
1.6  136.2347353  123.9868626  105.7946854
1.7  144.4140304  130.6086972  104.6828021
1.8  152.5549731  137.1016124  103.5817055
1.9  160.657743  143.4662126  102.491471
2  168.7225193  149.7030996  101.4121764
2.1  176.7494801  155.8128721  100.343902
2.2  184.7388027  161.7961263  99.28673111
2.3  192.6906636  167.6534554  98.2407495
2.4  200.6052385  173.3854497  97.2060457
2.5  208.4827021  178.9926971  96.18271098
2.6  216.3232285  184.4757824  95.17083931
2.7  224.1269909  189.8352878  94.17052743
2.8  231.8941617  195.0717929  93.1818748
2.9  239.6249124  200.1858743  92.20498364
3  247.3194138  205.1781061  91.23995886
3.1  254.977836  210.0490596  90.28690811
3.2  262.600348  214.7993036  89.34594169
3.3  270.1871182  219.4294039  88.41717257
3.4  277.7383143  223.939924  87.50071631
3.5  285.2541031  228.3314246  86.59669101
3.6  292.7346505  232.6044638  85.70521728
3.7  300.1801219  236.7595969  84.82641813
3.8  307.5906816  240.7973769  83.9604189
3.9  314.9664935  244.7183541  83.10734714
4  322.3077203  248.523076  82.26733257
4.1  329.6145244  252.212088  81.44050685
4.2  336.887067  255.7859324  80.62700352
4.3  344.1255089  259.2451493  79.82695783
4.4  351.33001  262.5902762  79.04050654
4.5  358.5007293  265.8218481  78.26778777
4.6  365.6378254  268.9403974  77.50894078
4.7  372.7414557  271.9464541  76.76410574
4.8  379.8117774  274.8405457  76.03342349
4.9  386.8489465  277.6231971  75.31703532
5  393.8531186  280.2949309  74.61508263
5.1  400.8244482  282.8562672  73.92770668
5.2  407.7630895  285.3077237  73.25504826
5.3  414.6691957  287.6498155  72.59724736
5.4  421.5429194  289.8830555  71.95444281
5.5  428.3844123  292.007954  71.32677188
5.6  435.1938257  294.0250192  70.71436997
5.7  441.9713099  295.9347565  70.1173701
5.8  448.7170147  297.7376693  69.53590257
5.9  455.4310891  299.4342585  68.97009446
6  462.1136814  301.0250226  68.42006922
6.1  468.7649392  302.5104578  67.88594618
6.2  475.3850094  303.8910581  67.36784007
6.3  481.9740383  305.1673149  66.86586056
6.4  488.5321714  306.3397175  66.38011173
6.5  495.0595536  307.408753  65.91069161
6.6  501.5563291  308.374906  65.45769167
6.7  508.0226414  309.2386588  65.02119631
6.8  514.4586333  310.0004918  64.6012824
6.9  520.864447  310.6608827  64.19801876
7  527.2402241  311.2203072  63.81146574
7.1  533.5861053  311.6792387  63.4416747
7.2  539.9022309  312.0381486  63.08868762
7.3  546.1887403  312.2975056  62.75253668
7.4  552.4457725  312.4577768  62.43324385
7.5  558.6734656  312.5194266  62.13082052
7.6  564.8719572  312.4829175  61.84526721
7.7  571.0413843  312.3487097  61.57657323
7.8  577.1818831  312.1172614  61.32471645
7.9  583.2935892  311.7890286  61.08966306
8  589.3766378  311.364465  60.87136743
8.1  595.4311631  310.8440224  60.66977195
8.2  601.4572989  310.2281502  60.48480696
8.3  607.4551783  309.5172961  60.3163907
8.4  613.4249338  308.7119053  60.16442935
8.5  619.3666974  307.8124211  60.02881707
8.6  625.2806001  306.8192848  59.90943614
8.7  631.1667727  305.7329354  59.80615707
8.8  637.0253452  304.55381  59.71883888
8.9  642.8564471  303.2823438  59.64732927
9  648.660207  301.9189695  59.591465
9.1  654.4367533  300.4641183  59.55107218
9.2  660.1862135  298.918219  59.52596666
9.3  665.9087147  297.2816985  59.51595447
9.4  671.6043832  295.5549818  59.52083222
9.5  677.2733449  293.7384919  59.54038765
9.6  682.915725  291.8326495  59.57440007
9.7  688.5316481  289.8378738  59.62264094
9.8  694.1212383  287.7545817  59.6848744
9.9  699.6846191  285.5831883  59.76085781
10  705.2219133  283.3241066  59.85034238
10.1  710.7332433  280.9777479  59.9530737
10.2  716.2187309  278.5445214  60.06879235
10.3  721.6784971  276.0248344  60.1972345
10.4  727.1126627  273.4190923  60.33813246
10.5  732.5213476  270.7276986  60.49121528
10.6  737.9046713  267.951055  60.65620932
10.7  743.2627528  265.0895612  60.83283878
10.8  748.5957104  262.143615  61.02082628
10.9  753.9036618  259.1136124  61.21989335
11  759.1867245  255.9999476  61.42976096
11.1  764.445015  252.8030129  61.65014998
11.2  769.6786495  249.5231987  61.88078167
11.3  774.8877437  246.1608936  62.12137809
11.4  780.0724126  242.7164844  62.37166256
11.5  785.2327707  239.1903562  62.63136001
11.6  790.368932  235.582892  62.90019736
11.7  795.48101  231.8944733  63.17790389
11.8  800.5691176  228.1254797  63.46421149
11.9  805.6333673  224.276289  63.75885505
12  810.6738708  220.3472772  64.06157263
12.1  815.6907395  216.3388185  64.37210576
12.2  820.6840842  212.2512857  64.69019967
12.3  825.6540153  208.0850493  65.01560343
12.4  830.6006426  203.8404784  65.34807018
12.5  835.5240752  199.5179405  65.68735726
12.6  840.424422  195.1178009  66.03322634
12.7  845.3017912  190.6404237  66.38544357
12.8  850.1562905  186.0861709  66.74377961
12.9  854.9880273  181.455403  67.10800977
13  859.7971081  176.7484789  67.47791405
13.1  864.5836394  171.9657556  67.85327718
13.2  869.3477267  167.1075885  68.23388867
13.3  874.0894753  162.1743314  68.61954281
13.4  878.80899  157.1663364  69.0100387
13.5  883.506375  152.0839539  69.40518021
13.6  888.1817341  146.9275328  69.80477603
13.7  892.8351706  141.6974201  70.20863956
13.8  897.4667873  136.3939614  70.61658897
13.9  902.0766864  131.0175007  71.02844708
14  906.6649699  125.5683803  71.44404137
14.1  911.231739  120.0469408  71.86320388
14.2  915.7770946  114.4535213  72.28577121
14.3  920.3011372  108.7884594  72.71158438
14.4  924.8039667  103.052091  73.14048884
14.5  929.2856826  97.24475048  73.57233434
14.6  933.7463838  91.36677056  74.00697487
14.7  938.1861689  85.41848251  74.44426861
14.8  942.605136  79.40021598  74.8840778
14.9  947.0033827  73.31229911  75.32626872
15  951.3810061  67.15505849  75.77071153
15.1  955.738103  60.92881917  76.21728025
15.2  960.0747695  54.63390469  76.66585265
15.3  964.3911015  48.27063707  77.11631017
15.4  968.6871944  41.83933681  77.56853781
15.5  972.963143  35.3403229  78.02242407
15.6  977.2190419  28.77391287  78.47786087
15.7  981.4549849  22.14042273  78.93474344
15.8  985.6710657  15.44016701  79.39297023
15.9  989.8673774  8.673458783  79.85244288
16  994.0440127  1.840609634  80.31306605
16.1  998.2010639  -5.058070299  80.77474744
16.2  1002.338623  -12.02227234  81.23739761
16.3  1006.456781  -19.05168926  81.70092996
16.4  1010.555629  -26.14601526  82.16526066
16.5  1014.635258  -33.30494599  82.63030852
16.6  1018.695757  -40.52817851  83.09599497
16.7  1022.737217  -47.81541133  83.56224392
16.8  1026.759726  -55.16634434  84.02898178
16.9  1030.763375  -62.58067885  84.49613731
17  1034.74825  -70.05811758  84.96364158
17.1  1038.71444  -77.59836463  85.43142789
17.2  1042.662033  -85.2011255  85.89943175
17.3  1046.591115  -92.86610706  86.36759074
17.4  1050.501775  -100.5930176  86.8358445
17.5  1054.394097  -108.3815666  87.30413467
17.6  1058.268168  -116.2314652  87.77240481
17.7  1062.124074  -124.1424257  88.24060033
17.8  1065.9619  -132.1141617  88.70866847
17.9  1069.78173  -140.1463883  89.17655822
18  1073.583649  -148.2388218  89.64422028


# Initial Velocity :    125 meters per second . 
0  0  0  150
0.1  10.58171522  10.53274195  148.6062214
0.2  21.11381307  20.91822635  147.2222387
0.3  31.5965262  31.15714366  145.8480676
0.4  42.03008618  41.25018116  144.4837247
0.5  52.41472349  51.19802285  143.1292283
0.6  62.75066752  61.00134957  141.7845978
0.7  73.0381466  70.66083893  140.4498541
0.8  83.27738797  80.17716539  139.1250194
0.9  93.46861783  89.55100023  137.8101175
1  103.6120613  98.78301159  136.5051734
1.1  113.7079424  107.8738645  135.2102137
1.2  123.7564843  116.8242208  133.9252667
1.3  133.7579087  125.6347393  132.6503618
1.4  143.7124368  134.3060757  131.3855302
1.5  153.6202884  142.8388826  130.1308048
1.6  163.4816824  151.2338097  128.8862198
1.7  173.2968365  159.4915033  127.6518113
1.8  183.0659677  167.6126069  126.4276168
1.9  192.7892916  175.5977612  125.2136758
2  202.4670232  183.4476034  124.010029
2.1  212.0993762  191.1627681  122.8167194
2.2  221.6865633  198.7438868  121.6337913
2.3  231.2287964  206.191588  120.461291
2.4  240.7262862  213.5064973  119.2992665
2.5  250.1792425  220.6892374  118.1477675
2.6  259.5878742  227.740428  117.0068458
2.7  268.9523891  234.6606859  115.8765548
2.8  278.272994  241.4506252  114.7569499
2.9  287.5498949  248.1108567  113.6480882
3  296.7832966  254.6419888  112.5500288
3.1  305.9734032  261.0446267  111.4628326
3.2  315.1204176  267.3193731  110.3865627
3.3  324.2245419  273.4668275  109.3212837
3.4  333.2859772  279.4875868  108.2670622
3.5  342.3049237  285.3822451  107.223967
3.6  351.2815807  291.1513938  106.1920684
3.7  360.2161463  296.7956212  105.1714389
3.8  369.108818  302.3155131  104.1621527
3.9  377.9597922  307.7116527  103.1642859
4  386.7692644  312.98462  102.1779165
4.1  395.5374293  318.1349927  101.2031243
4.2  404.2644804  323.1633457  100.239991
4.3  412.9506107  328.070251  99.28859975
4.4  421.596012  332.8562781  98.34903579
4.5  430.2008752  337.5219939  97.42138585
4.6  438.7653904  342.0679624  96.50573832
4.7  447.2897469  346.4947452  95.60218314
4.8  455.7741329  350.802901  94.71081179
4.9  464.2187358  354.9929863  93.83171714
5  472.6237423  359.0655545  92.96499345
5.1  480.9893379  363.0211567  92.1107362
5.2  489.3157074  366.8603415  91.26904207
5.3  497.6030349  370.5836545  90.44000878
5.4  505.8515032  374.1916392  89.623735
5.5  514.0612948  377.6848363  88.82032024
5.6  522.2325908  381.0637842  88.02986466
5.7  530.3655719  384.3290184  87.25246901
5.8  538.4604177  387.4810721  86.48823439
5.9  546.5173069  390.5204762  85.73726217
6  554.5364177  393.4477587  84.99965374
6.1  562.517927  396.2634455  84.2755104
6.2  570.4620112  398.9680598  83.56493308
6.3  578.3688459  401.5621224  82.86802223
6.4  586.2386056  404.0461516  82.18487753
6.5  594.0714643  406.4206636  81.5155977
6.6  601.8675949  408.6861716  80.86028024
6.7  609.6271696  410.8431869  80.21902122
6.8  617.35036  412.8922183  79.59191499
6.9  625.0373365  414.8337719  78.97905395
7  632.6882689  416.6683518  78.38052824
7.1  640.3033264  418.3964596  77.79642549
7.2  647.8826771  420.0185945  77.22683051
7.3  655.4264884  421.5352535  76.67182503
7.4  662.934927  422.9469311  76.13148737
7.5  670.4081587  424.2541195  75.60589214
7.6  677.8463487  425.4573087  75.09510997
7.7  685.2496611  426.5569864  74.59920716
7.8  692.6182597  427.5536379  74.11824539
7.9  699.9523071  428.4477463  73.65228143
8  707.2519654  429.2397924  73.20136682
8.1  714.5173957  429.9302548  72.76554756
8.2  721.7487587  430.5196098  72.34486385
8.3  728.946214  431.0083315  71.93934979
8.4  736.1099206  431.3968918  71.54903306
8.5  743.2400368  431.6857604  71.17393474
8.6  750.3367201  431.8754046  70.81406899
8.7  757.4001273  431.9662897  70.46944283
8.8  764.4304143  431.9588789  70.14005591
8.9  771.4277365  431.8536329  69.82590034
9  778.3922484  431.6510107  69.52696045
9.1  785.324104  431.3514687  69.24321268
9.2  792.2234563  430.9554614  68.97462538
9.3  799.0904577  430.4634412  68.72115874
9.4  805.9252599  429.8758582  68.48276466
9.5  812.7280139  429.1931606  68.25938669
9.6  819.49887  428.4157943  68.05096001
9.7  826.2379777  427.5442032  67.85741135
9.8  832.945486  426.5788291  67.67865907
9.9  839.6215429  425.5201118  67.51461315
10  846.266296  424.368489  67.36517527
10.1  852.879892  423.1243963  67.23023889
10.2  859.4624771  421.7882673  67.1096894
10.3  866.0141966  420.3605336  67.0034042
10.4  872.5351952  418.8416246  66.91125293
10.5  879.0256171  417.2319679  66.83309765
10.6  885.4856056  415.531989  66.76879303
10.7  891.9153033  413.7421115  66.71818661
10.8  898.3148524  411.8627568  66.68111905
10.9  904.6843942  409.8943445  66.65742443
11  911.0240694  407.8372922  66.64693051
11.1  917.334018  405.6920156  66.64945907
11.2  923.6143795  403.4589283  66.66482623
11.3  929.8652925  401.138442  66.69284278
11.4  936.0868951  398.7309666  66.73331453
11.5  942.2793248  396.23691  66.78604266
11.6  948.4427184  393.6566781  66.8508241
11.7  954.577212  390.990675  66.92745189
11.8  960.6829412  388.2393029  67.01571551
11.9  966.7600407  385.4029621  67.11540133
12  972.8086449  382.482051  67.2262929
12.1  978.8288874  379.4769662  67.34817135
12.2  984.8209011  376.3881022  67.48081575
12.3  990.7848184  373.2158521  67.62400348
12.4  996.7207711  369.9606067  67.77751055
12.5  1002.62889  366.6227552  67.94111195
12.6  1008.509306  363.202685  68.11458199
12.7  1014.362149  359.7007816  68.29769462
12.8  1020.187549  356.1174287  68.49022372
12.9  1025.985633  352.4530082  68.69194344
13  1031.75653  348.7079002  68.90262844
13.1  1037.500367  344.8824832  69.12205418
13.2  1043.217272  340.9771335  69.34999718
13.3  1048.90737  336.9922262  69.58623526
13.4  1054.570788  332.9281341  69.83054779
13.5  1060.20765  328.7852286  70.08271588
13.6  1065.818081  324.5638793  70.34252258
13.7  1071.402205  320.2644539  70.6097531
13.8  1076.960145  315.8873186  70.88419495
13.9  1082.492024  311.4328377  71.16563812
14  1087.997964  306.9013739  71.45387523
14.1  1093.478087  302.2932882  71.74870165
14.2  1098.932514  297.6089399  72.04991561
14.3  1104.361365  292.8486866  72.35731836
14.4  1109.76476  288.0128841  72.6707142
14.5  1115.142819  283.1018867  72.98991061
14.6  1120.495661  278.116047  73.31471831
14.7  1125.823403  273.055716  73.64495132
14.8  1131.126163  267.9212428  73.98042702
14.9  1136.404059  262.7129753  74.32096619
15  1141.657207  257.4312594  74.66639305
15.1  1146.885724  252.0764394  75.01653528
15.2  1152.089723  246.6488583  75.37122403
15.3  1157.269322  241.148857  75.73029395
15.4  1162.424633  235.5767753  76.09358319
15.5  1167.555772  229.9329512  76.46093339
15.6  1172.66285  224.2177209  76.83218966
15.7  1177.745982  218.4314194  77.2072006
15.8  1182.805279  212.5743798  77.58581824
15.9  1187.840853  206.6469339  77.96789805
16  1192.852815  200.6494118  78.35329889
16.1  1197.841277  194.5821421  78.741883
16.2  1202.806347  188.4454519  79.13351592
16.3  1207.748137  182.2396666  79.52806651
16.4  1212.666755  175.9651102  79.92540686
16.5  1217.562309  169.6221052  80.32541228
16.6  1222.434908  163.2109725  80.72796122
16.7  1227.28466  156.7320317  81.13293525
16.8  1232.111672  150.1856006  81.54021899
16.9  1236.91605  143.5719957  81.94970008
17  1241.6979  136.891532  82.3612691
17.1  1246.457328  130.144523  82.77481954
17.2  1251.194439  123.3312807  83.19024774
17.3  1255.909338  116.4521156  83.6074528
17.4  1260.60213  109.507337  84.0263366
17.5  1265.272916  102.4972524  84.44680367
17.6  1269.921802  95.42216807  84.86876115
17.7  1274.548889  88.28238879  85.29211877
17.8  1279.15428  81.07821791  85.71678877
17.9  1283.738076  73.80995737  86.14268583
18  1288.300379  66.47790767  86.56972702
18.1  1292.84129  59.08236792  86.99783177
18.2  1297.360908  51.62363583  87.42692179
18.3  1301.859334  44.1020077  87.85692103
18.4  1306.336667  36.51777845  88.28775561
18.5  1310.793005  28.87124161  88.71935377
18.6  1315.228449  21.16268935  89.15164585
18.7  1319.643094  13.39241245  89.58456418
18.8  1324.037039  5.560700341  90.01804309
18.9  1328.410382  -2.332158916  90.45201881
19  1332.763217  -10.2858786  90.88642946
19.1  1337.095643  -18.30017334  91.32121497
19.2  1341.407754  -26.3747591  91.75631706
19.3  1345.699645  -34.50935318  92.19167917
19.4  1349.971412  -42.70367419  92.62724643
19.5  1354.223149  -50.95744209  93.06296561
19.6  1358.454949  -59.27037812  93.49878508
19.7  1362.666907  -67.64220486  93.93465476
19.8  1366.859115  -76.07264615  94.37052609
19.9  1371.031665  -84.56142717  94.80635198
20  1375.184651  -93.10827435  95.24208676
20.1  1379.318164  -101.7129154  95.67768617
20.2  1383.432294  -110.3750794  96.1131073
20.3  1387.527134  -119.0944966  96.54830856
20.4  1391.602773  -127.8708985  96.98324963
20.5  1395.659301  -136.7040179  97.41789147
20.6  1399.696809  -145.5935888  97.8521962
20.7  1403.715384  -154.5393467  98.28612717
20.8  1407.715117  -163.541028  98.71964885
20.9  1411.696095  -172.5983704  99.15272684
21  1415.658407  -181.7111131  99.5853278
21.1  1419.602139  -190.8789961  100.0174195
21.2  1423.527379  -200.1017611  100.4489706
21.3  1427.434214  -209.3791506  100.879951
21.4  1431.322729  -218.7109085  101.3103312
21.5  1435.193012  -228.0967799  101.7400831
21.6  1439.045147  -237.536511  102.1691791


# Initial Velocity :    150 meters per second . 
0  0  0  175
0.1  12.34533442  12.29636115  173.488766
0.2  24.63278191  24.43719518  171.9874073
0.3  36.8626139  36.42323135  170.4959245
0.4  49.03510054  48.25519551  169.0143193
0.5  61.15051074  59.93381008  167.542594
0.6  73.20911211  71.45979414  166.0807522
0.7  85.21117103  82.83386334  164.6287983
0.8  97.15695264  94.05673003  163.1867378
0.9  109.0467208  105.1291032  161.7545771
1  120.8807382  116.0516884  160.3323239
1.1  132.6592662  126.8251882  158.9199866
1.2  144.382565  137.4503015  157.517575
1.3  156.0508935  147.9277241  156.1250997
1.4  167.6645096  158.2581485  154.7425727
1.5  179.2236698  168.442264  153.3700068
1.6  190.7286294  178.4807567  152.0074162
1.7  202.1796426  188.3743093  150.654816
1.8  213.5769623  198.1236015  149.3122229
1.9  224.9208402  207.7293097  147.9796542
2  236.2115271  217.1921072  146.657129
2.1  247.4492722  226.5126641  145.344667
2.2  258.6343238  235.6916473  144.0422898
2.3  269.7669291  244.7297207  142.7500197
2.4  280.8473339  253.627545  141.4678805
2.5  291.8757829  262.3857778  140.1958973
2.6  302.8525199  271.0050736  138.9340965
2.7  313.7777872  279.486084  137.6825057
2.8  324.6518263  287.8294574  136.441154
2.9  335.4748773  296.0358391  135.2100717
3  346.2471793  304.1058715  133.9892905
3.1  356.9689703  312.0401938  132.7788434
3.2  367.6404872  319.8394426  131.578765
3.3  378.2619655  327.504251  130.3890911
3.4  388.8336401  335.0352496  129.2098589
3.5  399.3557443  342.4330657  128.041107
3.6  409.8285108  349.6983238  126.8828756
3.7  420.2521707  356.8316454  125.7352061
3.8  430.6269543  363.8336494  124.5981415
3.9  440.9530909  370.7049512  123.4717261
4  451.2308085  377.4461639  122.3560058
4.1  461.4603341  384.0578975  121.2510277
4.2  471.6418939  390.5407589  120.1568407
4.3  481.7757125  396.8953526  119.0734947
4.4  491.862014  403.12228  118.0010414
4.5  501.9010211  409.2221396  116.9395337
4.6  511.8929555  415.1955273  115.889026
4.7  521.838038  421.0430362  114.8495741
4.8  531.7364884  426.7652564  113.8212352
4.9  541.5885251  432.3627755  112.8040678
5  551.394366  437.8361781  111.7981319
5.1  561.1542275  443.1860463  110.8034887
5.2  570.8683253  448.4129592  109.8202006
5.3  580.536874  453.5174935  108.8483316
5.4  590.1600871  458.5002229  107.8879467
5.5  599.7381773  463.3617187  106.939112
5.6  609.271356  468.1025491  106.001895
5.7  618.7598339  472.7232802  105.0763641
5.8  628.2038206  477.2244749  104.1625888
5.9  637.6035248  481.6066938  103.2606398
6  646.9591539  485.8704948  102.3705885
6.1  656.2709148  490.0164332  101.4925072
6.2  665.5390131  494.0450615  100.626469
6.3  674.7636536  497.9569299  99.77254779
6.4  683.9450399  501.7525857  98.93081804
6.5  693.083375  505.4325741  98.10135476
6.6  702.1788607  508.9974372  97.28423342
6.7  711.2316979  512.447715  96.47952982
6.8  720.2420866  515.7839447  95.68732002
6.9  729.2102259  519.0066611  94.90768017
7  738.1363138  522.1163964  94.14068646
7.1  747.0205475  525.1136805  93.38641491
7.2  755.8631233  527.9990405  92.64494132
7.3  764.6642365  530.7730014  91.91634106
7.4  773.4240815  533.4360854  91.20068897
7.5  782.1428518  535.9888124  90.49805917
7.6  790.8207401  538.4316999  89.80852494
7.7  799.457938  540.765263  89.13215851
7.8  808.0546363  542.9900143  88.46903094
7.9  816.6110249  545.1064639  87.81921188
8  825.1272929  547.1151197  87.18276946
8.1  833.6036283  549.0164872  86.55977002
8.2  842.0402185  550.8110694  85.950278
8.3  850.4372496  552.499367  85.35435568
8.4  858.7949074  554.0818784  84.77206302
8.5  867.1133763  555.5590996  84.20345743
8.6  875.3928401  556.9315244  83.64859358
8.7  883.6334818  558.199644  83.10752319
8.8  891.8354833  559.3639477  82.5802948
8.9  899.9990259  560.4249221  82.06695361
9  908.1242898  561.3830519  81.56754121
9.1  916.2114546  562.2388191  81.08209542
9.2  924.260699  562.9927039  80.61065005
9.3  932.2722006  563.6451839  80.15323472
9.4  940.2461365  564.1967346  79.70987465
9.5  948.1826829  564.6478293  79.28059046
9.6  956.082015  564.998939  78.865398
9.7  963.9443073  565.2505325  78.46430815
9.8  971.7697336  565.4030765  78.07732666
9.9  979.5584667  565.4570354  77.70445395
10  987.3106787  565.4128715  77.34568502
10.1  995.0265407  565.2710448  77.00100922
10.2  1002.706223  565.0320133  76.67041019
10.3  1010.349896  564.6962327  76.35386572
10.4  1017.957728  564.2641569  76.05134758
10.5  1025.529887  563.7362372  75.76282154
10.6  1033.06654  563.112923  75.48824717
10.7  1040.567854  562.3946618  75.22757786
10.8  1048.033995  561.5818986  74.98076075
10.9  1055.465127  560.6750766  74.74773667
11  1062.861414  559.6746369  74.52844016
11.1  1070.223021  558.5810183  74.32279945
11.2  1077.550109  557.3946579  74.13073649
11.3  1084.842841  556.1159905  73.95216696
11.4  1092.101378  554.7454489  73.78700038
11.5  1099.325879  553.2834639  73.6351401
11.6  1106.516505  551.7304642  73.49648346
11.7  1113.673414  550.0868768  73.37092186
11.8  1120.796765  548.3531262  73.25834085
11.9  1127.886714  546.5296353  73.15862033
12  1134.943419  544.6168249  73.07163464
12.1  1141.967035  542.6151138  72.99725275
12.2  1148.957718  540.5249188  72.93533845
12.3  1155.915621  538.3466548  72.88575049
12.4  1162.8409  536.0807349  72.84834284
12.5  1169.733705  533.7275699  72.82296484
12.6  1176.594191  531.2875691  72.80946149
12.7  1183.422508  528.7611395  72.8076736
12.8  1190.218807  526.1486865  72.81743809
12.9  1196.983238  523.4506133  72.8385882
13  1203.715951  520.6673216  72.87095375
13.1  1210.417095  517.7992107  72.91436136
13.2  1217.086817  514.8466786  72.96863476
13.3  1223.725265  511.8101209  73.033595
13.4  1230.332586  508.6899318  73.10906072
13.5  1236.908925  505.4865033  73.1948484
13.6  1243.454428  502.2002258  73.29077265
13.7  1249.969239  498.8314877  73.3966464
13.8  1256.453502  495.3806757  73.51228121
13.9  1262.907361  491.8481747  73.63748748
14  1269.330958  488.2343676  73.77207469
14.1  1275.724435  484.5396357  73.91585168
14.2  1282.087932  480.7643585  74.06862681
14.3  1288.421592  476.9089137  74.23020825
14.4  1294.725553  472.9736771  74.40040417
14.5  1300.999956  468.9590229  74.57902291
14.6  1307.244937  464.8653234  74.76587327
14.7  1313.460637  460.6929494  74.96076461
14.8  1319.64719  456.4422697  75.1635071
14.9  1325.804736  452.1136515  75.37391185
15  1331.933409  447.7074602  75.59179111
15.1  1338.033344  443.2240597  75.81695842
15.2  1344.104677  438.6638118  76.04922875
15.3  1350.147542  434.027077  76.28841863
15.4  1356.162072  429.3142139  76.53434631
15.5  1362.1484  424.5255794  76.78683187
15.6  1368.106659  419.6615289  77.04569732
15.7  1374.036979  414.722416  77.31076671
15.8  1379.939492  409.7085926  77.58186623
15.9  1385.814328  404.620409  77.8588243
16  1391.661618  399.458214  78.14147166
16.1  1397.48149  394.2223546  78.42964141
16.2  1403.274072  388.9131761  78.7231691
16.3  1409.039493  383.5310224  79.02189276
16.4  1414.77788  378.0762356  79.32565299
16.5  1420.489361  372.5491563  79.63429299
16.6  1426.17406  366.9501236  79.94765856
16.7  1431.832104  361.2794747  80.26559817
16.8  1437.463617  355.5375455  80.58796298
16.9  1443.068724  349.7246702  80.91460684
17  1448.64755  343.8411816  81.24538633
17.1  1454.200216  337.8874106  81.58016074
17.2  1459.726846  331.8636868  81.9187921
17.3  1465.227561  325.7703383  82.26114517
17.4  1470.702484  319.6076915  82.60708741
17.5  1476.151736  313.3760714  82.95648903
17.6  1481.575436  307.0758013  83.30922293
17.7  1486.973704  300.7072033  83.6651647
17.8  1492.34666  294.2705975  84.0241926
17.9  1497.694422  287.766303  84.38618755
18  1503.017109  281.1946371  84.7510331
18.1  1508.314838  274.5559158  85.11861539
18.2  1513.587726  267.8504534  85.48882315
18.3  1518.835889  261.0785629  85.86154765
18.4  1524.059444  254.2405558  86.23668268
18.5  1529.258506  247.3367421  86.61412451
18.6  1534.43319  240.3674304  86.99377186
18.7  1539.58361  233.3329277  87.37552586
18.8  1544.709879  226.2335399  87.75929002
18.9  1549.812112  219.069571  88.1449702
19  1554.89042  211.8413239  88.53247453
19.1  1559.944917  204.5491001  88.92171344
19.2  1564.975713  197.1931995  89.31259956
19.3  1569.982919  189.7739206  89.70504772
19.4  1574.966647  182.2915608  90.09897488
19.5  1579.927007  174.7464156  90.49430012
19.6  1584.864107  167.1387797  90.89094456
19.7  1589.778058  159.4689459  91.28883138
19.8  1594.668967  151.7372059  91.68788571
19.9  1599.536943  143.94385  92.08803462
20  1604.382093  136.0891671  92.48920713
20.1  1609.204524  128.1734448  92.89133406
20.2  1614.004343  120.1969692  93.2943481
20.3  1618.781656  112.1600253  93.6981837
20.4  1623.536568  104.0628966  94.10277706
20.5  1628.269185  95.90586526  94.50806609
20.6  1632.97961  87.68921219  94.91399038
20.7  1637.667948  79.41321695  95.32049112
20.8  1642.334303  71.07815781  95.72751112
20.9  1646.978778  62.68431169  96.13499473
21  1651.601474  54.23195426  96.54288783
21.1  1656.202495  45.72135988  96.95113779
21.2  1660.781942  37.15280161  97.35969341
21.3  1665.339916  28.52655125  97.76850493
21.4  1669.876518  19.84287931  98.17752394
21.5  1674.391847  11.10205504  98.58670342
21.6  1678.886005  2.304346431  98.99599763
21.7  1683.359089  -6.549979794  99.40536213
21.8  1687.8112  -15.46065815  99.81475372
21.9  1692.242434  -24.42742442  100.2241304
22  1696.652891  -33.45001559  100.6334515
22.1  1701.042667  -42.5281699  101.0426773
22.2  1705.411859  -51.66162683  101.4517694
22.3  1709.760565  -60.85012706  101.8606903
22.4  1714.088879  -70.09341249  102.2694037
22.5  1718.396899  -79.39122624  102.6778745
22.6  1722.684718  -88.74331262  103.0860684
22.7  1726.952431  -98.14941715  103.4939521
22.8  1731.200134  -107.6092865  103.9014933
22.9  1735.427919  -117.1226687  104.3086609
23  1739.63588  -126.6893127  104.7154243
23.1  1743.82411  -136.3089688  105.121754
23.2  1747.992701  -145.9813884  105.5276216
23.3  1752.141746  -155.7063242  105.9329991
23.4  1756.271337  -165.4835298  106.3378597
23.5  1760.381563  -175.3127602  106.7421772
23.6  1764.472517  -185.1937714  107.1459263
23.7  1768.544289  -195.1263206  107.5490824
23.8  1772.596968  -205.1101663  107.9516218
23.9  1776.630645  -215.1450678  108.3535213
24  1780.645407  -225.2307857  108.7547586
24.1  1784.641345  -235.3670818  109.1553119
24.2  1788.618546  -245.553719  109.5551603
24.3  1792.577097  -255.7904611  109.9542835
24.4  1796.517087  -266.0770732  110.3526616
24.5  1800.438603  -276.4133215  110.7502757
24.6  1804.341731  -286.7989733  111.1471072
24.7  1808.226557  -297.2337968  111.5431383
24.8  1812.093167  -307.7175616  111.9383516
24.9  1815.941647  -318.2500381  112.3327303
25  1819.772081  -328.830998  112.7262583
25.1  1823.584555  -339.4602138  113.11892
25.2  1827.379152  -350.1374594  113.5107


# Initial Velocity :    175 meters per second . 
