

	# launch angle :    15
	0 0 0
	0.05 4.33012702 2.487737497
	0.1 8.660254041 4.950949995
	0.15 12.99038106 7.389637492
	0.2 17.32050808 9.80379999
	0.25 21.6506351 12.19343749
	0.3 25.98076212 14.55854998
	0.35 30.31088914 16.89913748
	0.4 34.64101616 19.21519998
	0.45 38.97114318 21.50673748
	0.5 43.3012702 23.77374997
	0.55 47.63139722 26.01623747
	0.6 51.96152425 28.23419997
	0.65 56.29165127 30.42763747
	0.7 60.62177829 32.59654996
	0.75 64.95190531 34.74093746
	0.8 69.28203233 36.86079996
	0.85 73.61215935 38.95613746
	0.9 77.94228637 41.02694995
	0.95 82.27241339 43.07323745
	1 86.60254041 45.09499995
	1.05 90.93266743 47.09223745
	1.1 95.26279445 49.06494994
	1.15 99.59292147 51.01313744
	1.2 103.9230485 52.93679994
	1.25 108.2531755 54.83593744
	1.3 112.5833025 56.71054993
	1.35 116.9134296 58.56063743
	1.4 121.2435566 60.38619993
	1.45 125.5736836 62.18723742
	1.5 129.9038106 63.96374992
	1.55 134.2339376 65.71573742
	1.6 138.5640647 67.44319992
	1.65 142.8941917 69.14613741
	1.7 147.2243187 70.82454991
	1.75 151.5544457 72.47843741
	1.8 155.8845727 74.10779991
	1.85 160.2146998 75.7126374
	1.9 164.5448268 77.2929499
	1.95 168.8749538 78.8487374
	2 173.2050808 80.3799999
	2.05 177.5352078 81.88673739
	2.1 181.8653349 83.36894989
	2.15 186.1954619 84.82663739
	2.2 190.5255889 86.25979989
	2.25 194.8557159 87.66843738
	2.3 199.1858429 89.05254988
	2.35 203.51597 90.41213738
	2.4 207.846097 91.74719988
	2.45 212.176224 93.05773737
	2.5 216.506351 94.34374987
	2.55 220.836478 95.60523737
	2.6 225.1666051 96.84219987
	2.65 229.4967321 98.05463736
	2.7 233.8268591 99.24254986
	2.75 238.1569861 100.4059374
	2.8 242.4871131 101.5447999
	2.85 246.8172402 102.6591374
	2.9 251.1473672 103.7489498
	2.95 255.4774942 104.8142373
	3 259.8076212 105.8549998
	3.05 264.1377482 106.8712373
	3.1 268.4678753 107.8629498
	3.15 272.7980023 108.8301373
	3.2 277.1281293 109.7727998
	3.25 281.4582563 110.6909373
	3.3 285.7883833 111.5845498
	3.35 290.1185104 112.4536373
	3.4 294.4486374 113.2981998
	3.45 298.7787644 114.1182373
	3.5 303.1088914 114.9137498
	3.55 307.4390184 115.6847373
	3.6 311.7691455 116.4311998
	3.65 316.0992725 117.1531373
	3.7 320.4293995 117.8505498
	3.75 324.7595265 118.5234373
	3.8 329.0896536 119.1717998
	3.85 333.4197806 119.7956373
	3.9 337.7499076 120.3949498
	3.95 342.0800346 120.9697373
	4 346.4101616 121.5199998
	4.05 350.7402887 122.0457373
	4.1 355.0704157 122.5469498
	4.15 359.4005427 123.0236373
	4.2 363.7306697 123.4757998
	4.25 368.0607967 123.9034373
	4.3 372.3909238 124.3065498
	4.35 376.7210508 124.6851373
	4.4 381.0511778 125.0391998
	4.45 385.3813048 125.3687373
	4.5 389.7114318 125.6737498
	4.55 394.0415589 125.9542373
	4.6 398.3716859 126.2101998
	4.65 402.7018129 126.4416373
	4.7 407.0319399 126.6485498
	4.75 411.3620669 126.8309373
	4.8 415.692194 126.9887998
	4.85 420.022321 127.1221372
	4.9 424.352448 127.2309497
	4.95 428.682575 127.3152372
	5 433.012702 127.3749997
	5.05 437.3428291 127.4102372
	5.1 441.6729561 127.4209497
	5.15 446.0030831 127.4071372
	5.2 450.3332101 127.3687997
	5.25 454.6633371 127.3059372
	5.3 458.9934642 127.2185497
	5.35 463.3235912 127.1066372
	5.4 467.6537182 126.9701997
	5.45 471.9838452 126.8092372
	5.5 476.3139722 126.6237497
	5.55 480.6440993 126.4137372
	5.6 484.9742263 126.1791997
	5.65 489.3043533 125.9201372
	5.7 493.6344803 125.6365497
	5.75 497.9646073 125.3284372
	5.8 502.2947344 124.9957997
	5.85 506.6248614 124.6386372
	5.9 510.9549884 124.2569497
	5.95 515.2851154 123.8507372
	6 519.6152425 123.4199997
	6.05 523.9453695 122.9647372
	6.1 528.2754965 122.4849497
	6.15 532.6056235 121.9806372
	6.2 536.9357505 121.4517997
	6.25 541.2658776 120.8984372
	6.3 545.5960046 120.3205497
	6.35 549.9261316 119.7181372
	6.4 554.2562586 119.0911997
	6.45 558.5863856 118.4397372
	6.5 562.9165127 117.7637497
	6.55 567.2466397 117.0632372
	6.6 571.5767667 116.3381997
	6.65 575.9068937 115.5886372
	6.7 580.2370207 114.8145497
	6.75 584.5671478 114.0159372
	6.8 588.8972748 113.1927996
	6.85 593.2274018 112.3451371
	6.9 597.5575288 111.4729496
	6.95 601.8876558 110.5762371
	7 606.2177829 109.6549996
	7.05 610.5479099 108.7092371
	7.1 614.8780369 107.7389496
	7.15 619.2081639 106.7441371
	7.2 623.5382909 105.7247996
	7.25 627.868418 104.6809371
	7.3 632.198545 103.6125496
	7.35 636.528672 102.5196371
	7.4 640.858799 101.4021996
	7.45 645.188926 100.2602371
	7.5 649.5190531 99.09374961
	7.55 653.8491801 97.90273711
	7.6 658.1793071 96.68719961
	7.65 662.5094341 95.4471371
	7.7 666.8395611 94.1825496
	7.75 671.1696882 92.8934371
	7.8 675.4998152 91.5797996
	7.85 679.8299422 90.24163709
	7.9 684.1600692 88.87894959
	7.95 688.4901962 87.49173709
	8 692.8203233 86.07999959
	8.05 697.1504503 84.64373708
	8.1 701.4805773 83.18294958
	8.15 705.8107043 81.69763708
	8.2 710.1408313 80.18779958
	8.25 714.4709584 78.65343707
	8.3 718.8010854 77.09454957
	8.35 723.1312124 75.51113707
	8.4 727.4613394 73.90319956
	8.45 731.7914665 72.27073706
	8.5 736.1215935 70.61374956
	8.55 740.4517205 68.93223706
	8.6 744.7818475 67.22619955
	8.65 749.1119745 65.49563705
	8.7 753.4421016 63.74054955
	8.75 757.7722286 61.96093705
	8.8 762.1023556 60.15679954
	8.85 766.4324826 58.32813704
	8.9 770.7626096 56.47494954
	8.95 775.0927367 54.59723704
	9 779.4228637 52.69499953
	9.05 783.7529907 50.76823703
	9.1 788.0831177 48.81694953
	9.15 792.4132447 46.84113703
	9.2 796.7433718 44.84079952
	9.25 801.0734988 42.81593702
	9.3 805.4036258 40.76654952
	9.35 809.7337528 38.69263702
	9.4 814.0638798 36.59419951
	9.45 818.3940069 34.47123701
	9.5 822.7241339 32.32374951
	9.55 827.0542609 30.15173701
	9.6 831.3843879 27.9551995
	9.65 835.7145149 25.734137
	9.7 840.044642 23.4885495
	9.75 844.374769 21.21843699
	9.8 848.704896 18.92379949
	9.85 853.035023 16.60463699
	9.9 857.36515 14.26094949
	9.95 861.6952771 11.89273698
	10 866.0254041 9.499999482
	10.05 870.3555311 7.082736979
	10.1 874.6856581 4.640949477
	10.15 879.0157851 2.174636974


	# launch angle :    30
	0 0 0
	0.05 3.535533909 3.523271403
	0.1 7.071067818 7.022017806
	0.15 10.60660173 10.49623921
	0.2 14.14213564 13.94593561
	0.25 17.67766955 17.37110701
	0.3 21.21320345 20.77175342
	0.35 24.74873736 24.14787482
	0.4 28.28427127 27.49947122
	0.45 31.81980518 30.82654262
	0.5 35.35533909 34.12908903
	0.55 38.890873 37.40711043
	0.6 42.42640691 40.66060683
	0.65 45.96194082 43.88957824
	0.7 49.49747473 47.09402464
	0.75 53.03300864 50.27394604
	0.8 56.56854255 53.42934244
	0.85 60.10407645 56.56021385
	0.9 63.63961036 59.66656025
	0.95 67.17514427 62.74838165
	1 70.71067818 65.80567806
	1.05 74.24621209 68.83844946
	1.1 77.781746 71.84669586
	1.15 81.31727991 74.83041726
	1.2 84.85281382 77.78961367
	1.25 88.38834773 80.72428507
	1.3 91.92388164 83.63443147
	1.35 95.45941555 86.52005287
	1.4 98.99494945 89.38114928
	1.45 102.5304834 92.21772068
	1.5 106.0660173 95.02976708
	1.55 109.6015512 97.81728849
	1.6 113.1370851 100.5802849
	1.65 116.672619 103.3187563
	1.7 120.2081529 106.0327027
	1.75 123.7436868 108.7221241
	1.8 127.2792207 111.3870205
	1.85 130.8147546 114.0273919
	1.9 134.3502885 116.6432383
	1.95 137.8858225 119.2345597
	2 141.4213564 121.8013561
	2.05 144.9568903 124.3436275
	2.1 148.4924242 126.8613739
	2.15 152.0279581 129.3545953
	2.2 155.563492 131.8232917
	2.25 159.0990259 134.2674631
	2.3 162.6345598 136.6871095
	2.35 166.1700937 139.0822309
	2.4 169.7056276 141.4528273
	2.45 173.2411615 143.7988987
	2.5 176.7766955 146.1204451
	2.55 180.3122294 148.4174665
	2.6 183.8477633 150.6899629
	2.65 187.3832972 152.9379343
	2.7 190.9188311 155.1613807
	2.75 194.454365 157.3603022
	2.8 197.9898989 159.5346986
	2.85 201.5254328 161.68457
	2.9 205.0609667 163.8099164
	2.95 208.5965006 165.9107378
	3 212.1320345 167.9870342
	3.05 215.6675685 170.0388056
	3.1 219.2031024 172.066052
	3.15 222.7386363 174.0687734
	3.2 226.2741702 176.0469698
	3.25 229.8097041 178.0006412
	3.3 233.345238 179.9297876
	3.35 236.8807719 181.834409
	3.4 240.4163058 183.7145054
	3.45 243.9518397 185.5700768
	3.5 247.4873736 187.4011232
	3.55 251.0229075 189.2076446
	3.6 254.5584415 190.989641
	3.65 258.0939754 192.7471124
	3.7 261.6295093 194.4800588
	3.75 265.1650432 196.1884802
	3.8 268.7005771 197.8723766
	3.85 272.236111 199.531748
	3.9 275.7716449 201.1665944
	3.95 279.3071788 202.7769158
	4 282.8427127 204.3627122
	4.05 286.3782466 205.9239836
	4.1 289.9137805 207.46073
	4.15 293.4493145 208.9729514
	4.2 296.9848484 210.4606478
	4.25 300.5203823 211.9238192
	4.3 304.0559162 213.3624656
	4.35 307.5914501 214.776587
	4.4 311.126984 216.1661834
	4.45 314.6625179 217.5312548
	4.5 318.1980518 218.8718012
	4.55 321.7335857 220.1878227
	4.6 325.2691196 221.4793191
	4.65 328.8046535 222.7462905
	4.7 332.3401875 223.9887369
	4.75 335.8757214 225.2066583
	4.8 339.4112553 226.4000547
	4.85 342.9467892 227.5689261
	4.9 346.4823231 228.7132725
	4.95 350.017857 229.8330939
	5 353.5533909 230.9283903
	5.05 357.0889248 231.9991617
	5.1 360.6244587 233.0454081
	5.15 364.1599926 234.0671295
	5.2 367.6955265 235.0643259
	5.25 371.2310605 236.0369973
	5.3 374.7665944 236.9851437
	5.35 378.3021283 237.9087651
	5.4 381.8376622 238.8078615
	5.45 385.3731961 239.6824329
	5.5 388.90873 240.5324793
	5.55 392.4442639 241.3580007
	5.6 395.9797978 242.1589971
	5.65 399.5153317 242.9354685
	5.7 403.0508656 243.6874149
	5.75 406.5863995 244.4148363
	5.8 410.1219335 245.1177327
	5.85 413.6574674 245.7961041
	5.9 417.1930013 246.4499505
	5.95 420.7285352 247.0792719
	6 424.2640691 247.6840683
	6.05 427.799603 248.2643397
	6.1 431.3351369 248.8200861
	6.15 434.8706708 249.3513075
	6.2 438.4062047 249.8580039
	6.25 441.9417386 250.3401753
	6.3 445.4772725 250.7978217
	6.35 449.0128065 251.2309432
	6.4 452.5483404 251.6395396
	6.45 456.0838743 252.023611
	6.5 459.6194082 252.3831574
	6.55 463.1549421 252.7181788
	6.6 466.690476 253.0286752
	6.65 470.2260099 253.3146466
	6.7 473.7615438 253.576093
	6.75 477.2970777 253.8130144
	6.8 480.8326116 254.0254108
	6.85 484.3681455 254.2132822
	6.9 487.9036795 254.3766286
	6.95 491.4392134 254.51545
	7 494.9747473 254.6297464
	7.05 498.5102812 254.7195178
	7.1 502.0458151 254.7847642
	7.15 505.581349 254.8254856
	7.2 509.1168829 254.841682
	7.25 512.6524168 254.8333534
	7.3 516.1879507 254.8004998
	7.35 519.7234846 254.7431212
	7.4 523.2590185 254.6612176
	7.45 526.7945525 254.554789
	7.5 530.3300864 254.4238354
	7.55 533.8656203 254.2683568
	7.6 537.4011542 254.0883532
	7.65 540.9366881 253.8838246
	7.7 544.472222 253.654771
	7.75 548.0077559 253.4011924
	7.8 551.5432898 253.1230888
	7.85 555.0788237 252.8204602
	7.9 558.6143576 252.4933066
	7.95 562.1498915 252.141628
	8 565.6854255 251.7654244
	8.05 569.2209594 251.3646958
	8.1 572.7564933 250.9394422
	8.15 576.2920272 250.4896636
	8.2 579.8275611 250.0153601
	8.25 583.363095 249.5165315
	8.3 586.8986289 248.9931779
	8.35 590.4341628 248.4452993
	8.4 593.9696967 247.8728957
	8.45 597.5052306 247.2759671
	8.5 601.0407645 246.6545135
	8.55 604.5762985 246.0085349
	8.6 608.1118324 245.3380313
	8.65 611.6473663 244.6430027
	8.7 615.1829002 243.9234491
	8.75 618.7184341 243.1793705
	8.8 622.253968 242.4107669
	8.85 625.7895019 241.6176383
	8.9 629.3250358 240.7999847
	8.95 632.8605697 239.9578061
	9 636.3961036 239.0911025
	9.05 639.9316375 238.1998739
	9.1 643.4671715 237.2841203
	9.15 647.0027054 236.3438417
	9.2 650.5382393 235.3790381
	9.25 654.0737732 234.3897095
	9.3 657.6093071 233.3758559
	9.35 661.144841 232.3374773
	9.4 664.6803749 231.2745737
	9.45 668.2159088 230.1871451
	9.5 671.7514427 229.0751915
	9.55 675.2869766 227.9387129
	9.6 678.8225105 226.7777093
	9.65 682.3580445 225.5921807
	9.7 685.8935784 224.3821271
	9.75 689.4291123 223.1475485
	9.8 692.9646462 221.8884449
	9.85 696.5001801 220.6048163
	9.9 700.035714 219.2966627
	9.95 703.5712479 217.9639841
	10 707.1067818 216.6067806
	10.05 710.6423157 215.225052
	10.1 714.1778496 213.8187984
	10.15 717.7133835 212.3880198
	10.2 721.2489175 210.9327162
	10.25 724.7844514 209.4528876
	10.3 728.3199853 207.948534
	10.35 731.8555192 206.4196554
	10.4 735.3910531 204.8662518
	10.45 738.926587 203.2883232
	10.5 742.4621209 201.6858696
	10.55 745.9976548 200.058891
	10.6 749.5331887 198.4073874
	10.65 753.0687226 196.7313588
	10.7 756.6042565 195.0308052
	10.75 760.1397905 193.3057266
	10.8 763.6753244 191.556123
	10.85 767.2108583 189.7819944
	10.9 770.7463922 187.9833408
	10.95 774.2819261 186.1601622
	11 777.81746 184.3124586
	11.05 781.3529939 182.44023
	11.1 784.8885278 180.5434764
	11.15 788.4240617 178.6221978
	11.2 791.9595956 176.6763942
	11.25 795.4951295 174.7060656
	11.3 799.0306635 172.711212
	11.35 802.5661974 170.6918334
	11.4 806.1017313 168.6479298
	11.45 809.6372652 166.5795012
	11.5 813.1727991 164.4865476
	11.55 816.708333 162.369069
	11.6 820.2438669 160.2270654
	11.65 823.7794008 158.0605368
	11.7 827.3149347 155.8694832
	11.75 830.8504686 153.6539046
	11.8 834.3860025 151.4138011
	11.85 837.9215365 149.1491725
	11.9 841.4570704 146.8600189
	11.95 844.9926043 144.5463403
	12 848.5281382 142.2081367
	12.05 852.0636721 139.8454081
	12.1 855.599206 137.4581545
	12.15 859.1347399 135.0463759
	12.2 862.6702738 132.6100723
	12.25 866.2058077 130.1492437
	12.3 869.7413416 127.6638901
	12.35 873.2768755 125.1540115
	12.4 876.8124095 122.6196079
	12.45 880.3479434 120.0606793
	12.5 883.8834773 117.4772257
	12.55 887.4190112 114.8692471
	12.6 890.9545451 112.2367435
	12.65 894.490079 109.5797149
	12.7 898.0256129 106.8981613
	12.75 901.5611468 104.1920827
	12.8 905.0966807 101.4614791
	12.85 908.6322146 98.70635051
	12.9 912.1677485 95.92669691
	12.95 915.7032825 93.12251831
	13 919.2388164 90.29381472
	13.05 922.7743503 87.44058612
	13.1 926.3098842 84.56283252
	13.15 929.8454181 81.66055393
	13.2 933.380952 78.73375033
	13.25 936.9164859 75.78242173
	13.3 940.4520198 72.80656813
	13.35 943.9875537 69.80618954
	13.4 947.5230876 66.78128594
	13.45 951.0586215 63.73185734
	13.5 954.5941555 60.65790375
	13.55 958.1296894 57.55942515
	13.6 961.6652233 54.43642155
	13.65 965.2007572 51.28889295
	13.7 968.7362911 48.11683936
	13.75 972.271825 44.92026076
	13.8 975.8073589 41.69915716
	13.85 979.3428928 38.45352856
	13.9 982.8784267 35.18337497
	13.95 986.4139606 31.88869637
	14 989.9494945 28.56949277
	14.05 993.4850285 25.22576418
	14.1 997.0205624 21.85751058
	14.15 1000.556096 18.46473198
	14.2 1004.09163 15.04742838
	14.25 1007.627164 11.60559979
	14.3 1011.162698 8.139246189
	14.35 1014.698232 4.648367592
	14.4 1018.233766 1.132963995


	# launch angle :    45
	0 0 0
	0.05 2.500000005 4.317864516
	0.1 5.00000001 8.611204032
	0.15 7.500000016 12.88001855
	0.2 10.00000002 17.12430806
	0.25 12.50000003 21.34407258
	0.3 15.00000003 25.5393121
	0.35 17.50000004 29.71002661
	0.4 20.00000004 33.85621613
	0.45 22.50000005 37.97788064
	0.5 25.00000005 42.07502016
	0.55 27.50000006 46.14763468
	0.6 30.00000006 50.19572419
	0.65 32.50000007 54.21928871
	0.7 35.00000007 58.21832822
	0.75 37.50000008 62.19284274
	0.8 40.00000008 66.14283225
	0.85 42.50000009 70.06829677
	0.9 45.00000009 73.96923629
	0.95 47.5000001 77.8456508
	1 50.0000001 81.69754032
	1.05 52.50000011 85.52490483
	1.1 55.00000011 89.32774435
	1.15 57.50000012 93.10605887
	1.2 60.00000012 96.85984838
	1.25 62.50000013 100.5891129
	1.3 65.00000013 104.2938524
	1.35 67.50000014 107.9740669
	1.4 70.00000015 111.6297564
	1.45 72.50000015 115.260921
	1.5 75.00000016 118.8675605
	1.55 77.50000016 122.449675
	1.6 80.00000017 126.0072645
	1.65 82.50000017 129.540329
	1.7 85.00000018 133.0488685
	1.75 87.50000018 136.5328831
	1.8 90.00000019 139.9923726
	1.85 92.50000019 143.4273371
	1.9 95.0000002 146.8377766
	1.95 97.5000002 150.2236911
	2 100.0000002 153.5850806
	2.05 102.5000002 156.9219452
	2.1 105.0000002 160.2342847
	2.15 107.5000002 163.5220992
	2.2 110.0000002 166.7853887
	2.25 112.5000002 170.0241532
	2.3 115.0000002 173.2383927
	2.35 117.5000002 176.4281072
	2.4 120.0000002 179.5932968
	2.45 122.5000003 182.7339613
	2.5 125.0000003 185.8501008
	2.55 127.5000003 188.9417153
	2.6 130.0000003 192.0088048
	2.65 132.5000003 195.0513693
	2.7 135.0000003 198.0694089
	2.75 137.5000003 201.0629234
	2.8 140.0000003 204.0319129
	2.85 142.5000003 206.9763774
	2.9 145.0000003 209.8963169
	2.95 147.5000003 212.7917314
	3 150.0000003 215.662621
	3.05 152.5000003 218.5089855
	3.1 155.0000003 221.330825
	3.15 157.5000003 224.1281395
	3.2 160.0000003 226.900929
	3.25 162.5000003 229.6491935
	3.3 165.0000003 232.3729331
	3.35 167.5000003 235.0721476
	3.4 170.0000004 237.7468371
	3.45 172.5000004 240.3970016
	3.5 175.0000004 243.0226411
	3.55 177.5000004 245.6237556
	3.6 180.0000004 248.2003451
	3.65 182.5000004 250.7524097
	3.7 185.0000004 253.2799492
	3.75 187.5000004 255.7829637
	3.8 190.0000004 258.2614532
	3.85 192.5000004 260.7154177
	3.9 195.0000004 263.1448572
	3.95 197.5000004 265.5497718
	4 200.0000004 267.9301613
	4.05 202.5000004 270.2860258
	4.1 205.0000004 272.6173653
	4.15 207.5000004 274.9241798
	4.2 210.0000004 277.2064693
	4.25 212.5000004 279.4642339
	4.3 215.0000004 281.6974734
	4.35 217.5000005 283.9061879
	4.4 220.0000005 286.0903774
	4.45 222.5000005 288.2500419
	4.5 225.0000005 290.3851814
	4.55 227.5000005 292.4957959
	4.6 230.0000005 294.5818855
	4.65 232.5000005 296.64345
	4.7 235.0000005 298.6804895
	4.75 237.5000005 300.693004
	4.8 240.0000005 302.6809935
	4.85 242.5000005 304.644458
	4.9 245.0000005 306.5833976
	4.95 247.5000005 308.4978121
	5 250.0000005 310.3877016
	5.05 252.5000005 312.2530661
	5.1 255.0000005 314.0939056
	5.15 257.5000005 315.9102201
	5.2 260.0000005 317.7020097
	5.25 262.5000005 319.4692742
	5.3 265.0000005 321.2120137
	5.35 267.5000006 322.9302282
	5.4 270.0000006 324.6239177
	5.45 272.5000006 326.2930822
	5.5 275.0000006 327.9377218
	5.55 277.5000006 329.5578363
	5.6 280.0000006 331.1534258
	5.65 282.5000006 332.7244903
	5.7 285.0000006 334.2710298
	5.75 287.5000006 335.7930443
	5.8 290.0000006 337.2905338
	5.85 292.5000006 338.7634984
	5.9 295.0000006 340.2119379
	5.95 297.5000006 341.6358524
	6 300.0000006 343.0352419
	6.05 302.5000006 344.4101064
	6.1 305.0000006 345.7604459
	6.15 307.5000006 347.0862605
	6.2 310.0000006 348.38755
	6.25 312.5000006 349.6643145
	6.3 315.0000007 350.916554
	6.35 317.5000007 352.1442685
	6.4 320.0000007 353.347458
	6.45 322.5000007 354.5261226
	6.5 325.0000007 355.6802621
	6.55 327.5000007 356.8098766
	6.6 330.0000007 357.9149661
	6.65 332.5000007 358.9955306
	6.7 335.0000007 360.0515701
	6.75 337.5000007 361.0830847
	6.8 340.0000007 362.0900742
	6.85 342.5000007 363.0725387
	6.9 345.0000007 364.0304782
	6.95 347.5000007 364.9638927
	7 350.0000007 365.8727822
	7.05 352.5000007 366.7571467
	7.1 355.0000007 367.6169863
	7.15 357.5000007 368.4523008
	7.2 360.0000007 369.2630903
	7.25 362.5000008 370.0493548
	7.3 365.0000008 370.8110943
	7.35 367.5000008 371.5483088
	7.4 370.0000008 372.2609984
	7.45 372.5000008 372.9491629
	7.5 375.0000008 373.6128024
	7.55 377.5000008 374.2519169
	7.6 380.0000008 374.8665064
	7.65 382.5000008 375.4565709
	7.7 385.0000008 376.0221105
	7.75 387.5000008 376.563125
	7.8 390.0000008 377.0796145
	7.85 392.5000008 377.571579
	7.9 395.0000008 378.0390185
	7.95 397.5000008 378.481933
	8 400.0000008 378.9003225
	8.05 402.5000008 379.2941871
	8.1 405.0000008 379.6635266
	8.15 407.5000008 380.0083411
	8.2 410.0000008 380.3286306
	8.25 412.5000009 380.6243951
	8.3 415.0000009 380.8956346
	8.35 417.5000009 381.1423492
	8.4 420.0000009 381.3645387
	8.45 422.5000009 381.5622032
	8.5 425.0000009 381.7353427
	8.55 427.5000009 381.8839572
	8.6 430.0000009 382.0080467
	8.65 432.5000009 382.1076113
	8.7 435.0000009 382.1826508
	8.75 437.5000009 382.2331653
	8.8 440.0000009 382.2591548
	8.85 442.5000009 382.2606193
	8.9 445.0000009 382.2375588
	8.95 447.5000009 382.1899734
	9 450.0000009 382.1178629
	9.05 452.5000009 382.0212274
	9.1 455.0000009 381.9000669
	9.15 457.5000009 381.7543814
	9.2 460.000001 381.5841709
	9.25 462.500001 381.3894354
	9.3 465.000001 381.170175
	9.35 467.500001 380.9263895
	9.4 470.000001 380.658079
	9.45 472.500001 380.3652435
	9.5 475.000001 380.047883
	9.55 477.500001 379.7059975
	9.6 480.000001 379.3395871
	9.65 482.500001 378.9486516
	9.7 485.000001 378.5331911
	9.75 487.500001 378.0932056
	9.8 490.000001 377.6286951
	9.85 492.500001 377.1396596
	9.9 495.000001 376.6260992
	9.95 497.500001 376.0880137
	10 500.000001 375.5254032
	10.05 502.500001 374.9382677
	10.1 505.000001 374.3266072
	10.15 507.5000011 373.6904217
	10.2 510.0000011 373.0297112
	10.25 512.5000011 372.3444758
	10.3 515.0000011 371.6347153
	10.35 517.5000011 370.9004298
	10.4 520.0000011 370.1416193
	10.45 522.5000011 369.3582838
	10.5 525.0000011 368.5504233
	10.55 527.5000011 367.7180379
	10.6 530.0000011 366.8611274
	10.65 532.5000011 365.9796919
	10.7 535.0000011 365.0737314
	10.75 537.5000011 364.1432459
	10.8 540.0000011 363.1882354
	10.85 542.5000011 362.2087
	10.9 545.0000011 361.2046395
	10.95 547.5000011 360.176054
	11 550.0000011 359.1229435
	11.05 552.5000011 358.045308
	11.1 555.0000012 356.9431475
	11.15 557.5000012 355.8164621
	11.2 560.0000012 354.6652516
	11.25 562.5000012 353.4895161
	11.3 565.0000012 352.2892556
	11.35 567.5000012 351.0644701
	11.4 570.0000012 349.8151596
	11.45 572.5000012 348.5413241
	11.5 575.0000012 347.2429637
	11.55 577.5000012 345.9200782
	11.6 580.0000012 344.5726677
	11.65 582.5000012 343.2007322
	11.7 585.0000012 341.8042717
	11.75 587.5000012 340.3832862
	11.8 590.0000012 338.9377758
	11.85 592.5000012 337.4677403
	11.9 595.0000012 335.9731798
	11.95 597.5000012 334.4540943
	12 600.0000012 332.9104838
	12.05 602.5000012 331.3423483
	12.1 605.0000013 329.7496879
	12.15 607.5000013 328.1325024
	12.2 610.0000013 326.4907919
	12.25 612.5000013 324.8245564
	12.3 615.0000013 323.1337959
	12.35 617.5000013 321.4185104
	12.4 620.0000013 319.6787
	12.45 622.5000013 317.9143645
	12.5 625.0000013 316.125504
	12.55 627.5000013 314.3121185
	12.6 630.0000013 312.474208
	12.65 632.5000013 310.6117725
	12.7 635.0000013 308.724812
	12.75 637.5000013 306.8133266
	12.8 640.0000013 304.8773161
	12.85 642.5000013 302.9167806
	12.9 645.0000013 300.9317201
	12.95 647.5000013 298.9221346
	13 650.0000013 296.8880241
	13.05 652.5000014 294.8293887
	13.1 655.0000014 292.7462282
	13.15 657.5000014 290.6385427
	13.2 660.0000014 288.5063322
	13.25 662.5000014 286.3495967
	13.3 665.0000014 284.1683362
	13.35 667.5000014 281.9625508
	13.4 670.0000014 279.7322403
	13.45 672.5000014 277.4774048
	13.5 675.0000014 275.1980443
	13.55 677.5000014 272.8941588
	13.6 680.0000014 270.5657483
	13.65 682.5000014 268.2128128
	13.7 685.0000014 265.8353524
	13.75 687.5000014 263.4333669
	13.8 690.0000014 261.0068564
	13.85 692.5000014 258.5558209
	13.9 695.0000014 256.0802604
	13.95 697.5000014 253.5801749
	14 700.0000015 251.0555645
	14.05 702.5000015 248.506429
	14.1 705.0000015 245.9327685
	14.15 707.5000015 243.334583
	14.2 710.0000015 240.7118725
	14.25 712.5000015 238.064637
	14.3 715.0000015 235.3928766
	14.35 717.5000015 232.6965911
	14.4 720.0000015 229.9757806
	14.45 722.5000015 227.2304451
	14.5 725.0000015 224.4605846
	14.55 727.5000015 221.6661991
	14.6 730.0000015 218.8472887
	14.65 732.5000015 216.0038532
	14.7 735.0000015 213.1358927
	14.75 737.5000015 210.2434072
	14.8 740.0000015 207.3263967
	14.85 742.5000015 204.3848612
	14.9 745.0000015 201.4188007
	14.95 747.5000015 198.4282153
	15 750.0000016 195.4131048
	15.05 752.5000016 192.3734693
	15.1 755.0000016 189.3093088
	15.15 757.5000016 186.2206233
	15.2 760.0000016 183.1074128
	15.25 762.5000016 179.9696774
	15.3 765.0000016 176.8074169
	15.35 767.5000016 173.6206314
	15.4 770.0000016 170.4093209
	15.45 772.5000016 167.1734854
	15.5 775.0000016 163.9131249
	15.55 777.5000016 160.6282395
	15.6 780.0000016 157.318829
	15.65 782.5000016 153.9848935
	15.7 785.0000016 150.626433
	15.75 787.5000016 147.2434475
	15.8 790.0000016 143.835937
	15.85 792.5000016 140.4039016
	15.9 795.0000016 136.9473411
	15.95 797.5000017 133.4662556
	16 800.0000017 129.9606451
	16.05 802.5000017 126.4305096
	16.1 805.0000017 122.8758491
	16.15 807.5000017 119.2966636
	16.2 810.0000017 115.6929532
	16.25 812.5000017 112.0647177
	16.3 815.0000017 108.4119572
	16.35 817.5000017 104.7346717
	16.4 820.0000017 101.0328612
	16.45 822.5000017 97.30652574
	16.5 825.0000017 93.55566526
	16.55 827.5000017 89.78027977
	16.6 830.0000017 85.98036929
	16.65 832.5000017 82.1559338
	16.7 835.0000017 78.30697332
	16.75 837.5000017 74.43348784
	16.8 840.0000017 70.53547735
	16.85 842.5000017 66.61294187
	16.9 845.0000018 62.66588138
	16.95 847.5000018 58.6942959
	17 850.0000018 54.69818542
	17.05 852.5000018 50.67754993
	17.1 855.0000018 46.63238945
	17.15 857.5000018 42.56270396
	17.2 860.0000018 38.46849348
	17.25 862.5000018 34.349758
	17.3 865.0000018 30.20649751
	17.35 867.5000018 26.03871203
	17.4 870.0000018 21.84640154
	17.45 872.5000018 17.62956606
	17.5 875.0000018 13.38820558
	17.55 877.5000018 9.122320092
	17.6 880.0000018 4.831909608
	17.65 882.5000018 0.5169741235


	# launch angle :    60
	0 0 0
	0.05 1.294095233 4.81736663
	0.1 2.588190465 9.610208259
	0.15 3.882285698 14.37852489
	0.2 5.176380931 19.12231652
	0.25 6.470476164 23.84158315
	0.3 7.764571396 28.53632478
	0.35 9.058666629 33.20654141
	0.4 10.35276186 37.85223304
	0.45 11.64685709 42.47339967
	0.5 12.94095233 47.0700413
	0.55 14.23504756 51.64215792
	0.6 15.52914279 56.18974955
	0.65 16.82323803 60.71281618
	0.7 18.11733326 65.21135781
	0.75 19.41142849 69.68537444
	0.8 20.70552372 74.13486607
	0.85 21.99961896 78.5598327
	0.9 23.29371419 82.96027433
	0.95 24.58780942 87.33619096
	1 25.88190465 91.68758259
	1.05 27.17599989 96.01444922
	1.1 28.47009512 100.3167908
	1.15 29.76419035 104.5946075
	1.2 31.05828559 108.8478991
	1.25 32.35238082 113.0766657
	1.3 33.64647605 117.2809074
	1.35 34.94057128 121.460624
	1.4 36.23466652 125.6158156
	1.45 37.52876175 129.7464823
	1.5 38.82285698 133.8526239
	1.55 40.11695221 137.9342405
	1.6 41.41104745 141.9913321
	1.65 42.70514268 146.0238988
	1.7 43.99923791 150.0319404
	1.75 45.29333315 154.015457
	1.8 46.58742838 157.9744487
	1.85 47.88152361 161.9089153
	1.9 49.17561884 165.8188569
	1.95 50.46971408 169.7042736
	2 51.76380931 173.5651652
	2.05 53.05790454 177.4015318
	2.1 54.35199977 181.2133734
	2.15 55.64609501 185.0006901
	2.2 56.94019024 188.7634817
	2.25 58.23428547 192.5017483
	2.3 59.52838071 196.21549
	2.35 60.82247594 199.9047066
	2.4 62.11657117 203.5693982
	2.45 63.4106664 207.2095648
	2.5 64.70476164 210.8252065
	2.55 65.99885687 214.4163231
	2.6 67.2929521 217.9829147
	2.65 68.58704734 221.5249814
	2.7 69.88114257 225.042523
	2.75 71.1752378 228.5355396
	2.8 72.46933303 232.0040313
	2.85 73.76342827 235.4479979
	2.9 75.0575235 238.8674395
	2.95 76.35161873 242.2623561
	3 77.64571396 245.6327478
	3.05 78.9398092 248.9786144
	3.1 80.23390443 252.299956
	3.15 81.52799966 255.5967727
	3.2 82.8220949 258.8690643
	3.25 84.11619013 262.1168309
	3.3 85.41028536 265.3400725
	3.35 86.70438059 268.5387892
	3.4 87.99847583 271.7129808
	3.45 89.29257106 274.8626474
	3.5 90.58666629 277.9877891
	3.55 91.88076152 281.0884057
	3.6 93.17485676 284.1644973
	3.65 94.46895199 287.216064
	3.7 95.76304722 290.2431056
	3.75 97.05714246 293.2456222
	3.8 98.35123769 296.2236138
	3.85 99.64533292 299.1770805
	3.9 100.9394282 302.1060221
	3.95 102.2335234 305.0104387
	4 103.5276186 307.8903304
	4.05 104.8217139 310.745697
	4.1 106.1158091 313.5765386
	4.15 107.4099043 316.3828552
	4.2 108.7039995 319.1646469
	4.25 109.9980948 321.9219135
	4.3 111.29219 324.6546551
	4.35 112.5862852 327.3628718
	4.4 113.8803805 330.0465634
	4.45 115.1744757 332.70573
	4.5 116.4685709 335.3403717
	4.55 117.7626662 337.9504883
	4.6 119.0567614 340.5360799
	4.65 120.3508566 343.0971465
	4.7 121.6449519 345.6336882
	4.75 122.9390471 348.1457048
	4.8 124.2331423 350.6331964
	4.85 125.5272376 353.0961631
	4.9 126.8213328 355.5346047
	4.95 128.115428 357.9485213
	5 129.4095233 360.337913
	5.05 130.7036185 362.7027796
	5.1 131.9977137 365.0431212
	5.15 133.291809 367.3589378
	5.2 134.5859042 369.6502295
	5.25 135.8799994 371.9169961
	5.3 137.1740947 374.1592377
	5.35 138.4681899 376.3769544
	5.4 139.7622851 378.570146
	5.45 141.0563804 380.7388126
	5.5 142.3504756 382.8829542
	5.55 143.6445708 385.0025709
	5.6 144.9386661 387.0976625
	5.65 146.2327613 389.1682291
	5.7 147.5268565 391.2142708
	5.75 148.8209518 393.2357874
	5.8 150.115047 395.232779
	5.85 151.4091422 397.2052457
	5.9 152.7032375 399.1531873
	5.95 153.9973327 401.0766039
	6 155.2914279 402.9754955
	6.05 156.5855232 404.8498622
	6.1 157.8796184 406.6997038
	6.15 159.1737136 408.5250204
	6.2 160.4678089 410.3258121
	6.25 161.7619041 412.1020787
	6.3 163.0559993 413.8538203
	6.35 164.3500946 415.5810369
	6.4 165.6441898 417.2837286
	6.45 166.938285 418.9618952
	6.5 168.2323803 420.6155368
	6.55 169.5264755 422.2446535
	6.6 170.8205707 423.8492451
	6.65 172.114666 425.4293117
	6.7 173.4087612 426.9848534
	6.75 174.7028564 428.51587
	6.8 175.9969517 430.0223616
	6.85 177.2910469 431.5043282
	6.9 178.5851421 432.9617699
	6.95 179.8792374 434.3946865
	7 181.1733326 435.8030781
	7.05 182.4674278 437.1869448
	7.1 183.761523 438.5462864
	7.15 185.0556183 439.881103
	7.2 186.3497135 441.1913946
	7.25 187.6438087 442.4771613
	7.3 188.937904 443.7384029
	7.35 190.2319992 444.9751195
	7.4 191.5260944 446.1873112
	7.45 192.8201897 447.3749778
	7.5 194.1142849 448.5381194
	7.55 195.4083801 449.6767361
	7.6 196.7024754 450.7908277
	7.65 197.9965706 451.8803943
	7.7 199.2906658 452.9454359
	7.75 200.5847611 453.9859526
	7.8 201.8788563 455.0019442
	7.85 203.1729515 455.9934108
	7.9 204.4670468 456.9603525
	7.95 205.761142 457.9027691
	8 207.0552372 458.8206607
	8.05 208.3493325 459.7140274
	8.1 209.6434277 460.582869
	8.15 210.9375229 461.4271856
	8.2 212.2316182 462.2469772
	8.25 213.5257134 463.0422439
	8.3 214.8198086 463.8129855
	8.35 216.1139039 464.5592021
	8.4 217.4079991 465.2808938
	8.45 218.7020943 465.9780604
	8.5 219.9961896 466.650702
	8.55 221.2902848 467.2988186
	8.6 222.58438 467.9224103
	8.65 223.8784753 468.5214769
	8.7 225.1725705 469.0960185
	8.75 226.4666657 469.6460352
	8.8 227.760761 470.1715268
	8.85 229.0548562 470.6724934
	8.9 230.3489514 471.1489351
	8.95 231.6430467 471.6008517
	9 232.9371419 472.0282433
	9.05 234.2312371 472.4311099
	9.1 235.5253324 472.8094516
	9.15 236.8194276 473.1632682
	9.2 238.1135228 473.4925598
	9.25 239.4076181 473.7973265
	9.3 240.7017133 474.0775681
	9.35 241.9958085 474.3332847
	9.4 243.2899038 474.5644763
	9.45 244.583999 474.771143
	9.5 245.8780942 474.9532846
	9.55 247.1721895 475.1109012
	9.6 248.4662847 475.2439929
	9.65 249.7603799 475.3525595
	9.7 251.0544752 475.4366011
	9.75 252.3485704 475.4961178
	9.8 253.6426656 475.5311094
	9.85 254.9367608 475.541576
	9.9 256.2308561 475.5275176
	9.95 257.5249513 475.4889343
	10 258.8190465 475.4258259
	10.05 260.1131418 475.3381925
	10.1 261.407237 475.2260342
	10.15 262.7013322 475.0893508
	10.2 263.9954275 474.9281424
	10.25 265.2895227 474.742409
	10.3 266.5836179 474.5321507
	10.35 267.8777132 474.2973673
	10.4 269.1718084 474.0380589
	10.45 270.4659036 473.7542256
	10.5 271.7599989 473.4458672
	10.55 273.0540941 473.1129838
	10.6 274.3481893 472.7555755
	10.65 275.6422846 472.3736421
	10.7 276.9363798 471.9671837
	10.75 278.230475 471.5362003
	10.8 279.5245703 471.080692
	10.85 280.8186655 470.6006586
	10.9 282.1127607 470.0961002
	10.95 283.406856 469.5670169
	11 284.7009512 469.0134085
	11.05 285.9950464 468.4352751
	11.1 287.2891417 467.8326168
	11.15 288.5832369 467.2054334
	11.2 289.8773321 466.553725
	11.25 291.1714274 465.8774916
	11.3 292.4655226 465.1767333
	11.35 293.7596178 464.4514499
	11.4 295.0537131 463.7016415
	11.45 296.3478083 462.9273082
	11.5 297.6419035 462.1284498
	11.55 298.9359988 461.3050664
	11.6 300.230094 460.457158
	11.65 301.5241892 459.5847247
	11.7 302.8182845 458.6877663
	11.75 304.1123797 457.7662829
	11.8 305.4064749 456.8202746
	11.85 306.7005702 455.8497412
	11.9 307.9946654 454.8546828
	11.95 309.2887606 453.8350995
	12 310.5828559 452.7909911
	12.05 311.8769511 451.7223577
	12.1 313.1710463 450.6291993
	12.15 314.4651416 449.511516
	12.2 315.7592368 448.3693076
	12.25 317.053332 447.2025742
	12.3 318.3474273 446.0113159
	12.35 319.6415225 444.7955325
	12.4 320.9356177 443.5552241
	12.45 322.229713 442.2903907
	12.5 323.5238082 441.0010324
	12.55 324.8179034 439.687149
	12.6 326.1119986 438.3487406
	12.65 327.4060939 436.9858073
	12.7 328.7001891 435.5983489
	12.75 329.9942843 434.1863655
	12.8 331.2883796 432.7498572
	12.85 332.5824748 431.2888238
	12.9 333.87657 429.8032654
	12.95 335.1706653 428.293182
	13 336.4647605 426.7585737
	13.05 337.7588557 425.1994403
	13.1 339.052951 423.6157819
	13.15 340.3470462 422.0075986
	13.2 341.6411414 420.3748902
	13.25 342.9352367 418.7176568
	13.3 344.2293319 417.0358984
	13.35 345.5234271 415.3296151
	13.4 346.8175224 413.5988067
	13.45 348.1116176 411.8434733
	13.5 349.4057128 410.063615
	13.55 350.6998081 408.2592316
	13.6 351.9939033 406.4303232
	13.65 353.2879985 404.5768899
	13.7 354.5820938 402.6989315
	13.75 355.876189 400.7964481
	13.8 357.1702842 398.8694397
	13.85 358.4643795 396.9179064
	13.9 359.7584747 394.941848
	13.95 361.0525699 392.9412646
	14 362.3466652 390.9161563
	14.05 363.6407604 388.8665229
	14.1 364.9348556 386.7923645
	14.15 366.2289509 384.6936812
	14.2 367.5230461 382.5704728
	14.25 368.8171413 380.4227394
	14.3 370.1112366 378.250481
	14.35 371.4053318 376.0536977
	14.4 372.699427 373.8323893
	14.45 373.9935223 371.5865559
	14.5 375.2876175 369.3161976
	14.55 376.5817127 367.0213142
	14.6 377.875808 364.7019058
	14.65 379.1699032 362.3579724
	14.7 380.4639984 359.9895141
	14.75 381.7580937 357.5965307
	14.8 383.0521889 355.1790223
	14.85 384.3462841 352.736989
	14.9 385.6403794 350.2704306
	14.95 386.9344746 347.7793472
	15 388.2285698 345.2637389
	15.05 389.5226651 342.7236055
	15.1 390.8167603 340.1589471
	15.15 392.1108555 337.5697637
	15.2 393.4049508 334.9560554
	15.25 394.699046 332.317822
	15.3 395.9931412 329.6550636
	15.35 397.2872365 326.9677803
	15.4 398.5813317 324.2559719
	15.45 399.8754269 321.5196385
	15.5 401.1695221 318.7587801
	15.55 402.4636174 315.9733968
	15.6 403.7577126 313.1634884
	15.65 405.0518078 310.329055
	15.7 406.3459031 307.4700967
	15.75 407.6399983 304.5866133
	15.8 408.9340935 301.6786049
	15.85 410.2281888 298.7460716
	15.9 411.522284 295.7890132
	15.95 412.8163792 292.8074298
	16 414.1104745 289.8013214
	16.05 415.4045697 286.7706881
	16.1 416.6986649 283.7155297
	16.15 417.9927602 280.6358463
	16.2 419.2868554 277.531638
	16.25 420.5809506 274.4029046
	16.3 421.8750459 271.2496462
	16.35 423.1691411 268.0718628
	16.4 424.4632363 264.8695545
	16.45 425.7573316 261.6427211
	16.5 427.0514268 258.3913627
	16.55 428.345522 255.1154794
	16.6 429.6396173 251.815071
	16.65 430.9337125 248.4901376
	16.7 432.2278077 245.1406793
	16.75 433.521903 241.7666959
	16.8 434.8159982 238.3681875
	16.85 436.1100934 234.9451541
	16.9 437.4041887 231.4975958
	16.95 438.6982839 228.0255124
	17 439.9923791 224.528904
	17.05 441.2864744 221.0077707
	17.1 442.5805696 217.4621123
	17.15 443.8746648 213.8919289
	17.2 445.1687601 210.2972206
	17.25 446.4628553 206.6779872
	17.3 447.7569505 203.0342288
	17.35 449.0510458 199.3659454
	17.4 450.345141 195.6731371
	17.45 451.6392362 191.9558037
	17.5 452.9333315 188.2139453
	17.55 454.2274267 184.447562
	17.6 455.5215219 180.6566536
	17.65 456.8156172 176.8412202
	17.7 458.1097124 173.0012618
	17.75 459.4038076 169.1367785
	17.8 460.6979029 165.2477701
	17.85 461.9919981 161.3342367
	17.9 463.2860933 157.3961784
	17.95 464.5801886 153.433595
	18 465.8742838 149.4464866
	18.05 467.168379 145.4348533
	18.1 468.4624743 141.3986949
	18.15 469.7565695 137.3380115
	18.2 471.0506647 133.2528031
	18.25 472.3447599 129.1430698
	18.3 473.6388552 125.0088114
	18.35 474.9329504 120.850028
	18.4 476.2270456 116.6667197
	18.45 477.5211409 112.4588863
	18.5 478.8152361 108.2265279
	18.55 480.1093313 103.9696445
	18.6 481.4034266 99.68823618
	18.65 482.6975218 95.38230281
	18.7 483.991617 91.05184444
	18.75 485.2857123 86.69686107
	18.8 486.5798075 82.3173527
	18.85 487.8739027 77.91331933
	18.9 489.167998 73.48476095
	18.95 490.4620932 69.03167758
	19 491.7561884 64.55406921
	19.05 493.0502837 60.05193584
	19.1 494.3443789 55.52527747
	19.15 495.6384741 50.9740941
	19.2 496.9325694 46.39838573
	19.25 498.2266646 41.79815236
	19.3 499.5207598 37.17339399
	19.35 500.8148551 32.52411062
	19.4 502.1089503 27.85030225
	19.45 503.4030455 23.15196888
	19.5 504.6971408 18.42911051
	19.55 505.991236 13.68172714
	19.6 507.2853312 8.909818768
	19.65 508.5794265 4.113385397


	# launch angle :    75
	0 0 0
	0.05 8.974483685e-09 4.9877375
	0.1 1.794896737e-08 9.95095
	0.15 2.692345105e-08 14.8896375
	0.2 3.589793474e-08 19.8038
	0.25 4.487241842e-08 24.6934375
	0.3 5.384690211e-08 29.55855
	0.35 6.282138579e-08 34.3991375
	0.4 7.179586948e-08 39.2152
	0.45 8.077035316e-08 44.0067375
	0.5 8.974483685e-08 48.77375
	0.55 9.871932053e-08 53.5162375
	0.6 1.076938042e-07 58.2342
	0.65 1.166682879e-07 62.9276375
	0.7 1.256427716e-07 67.59655
	0.75 1.346172553e-07 72.2409375
	0.8 1.43591739e-07 76.8608
	0.85 1.525662226e-07 81.4561375
	0.9 1.615407063e-07 86.02695
	0.95 1.7051519e-07 90.5732375
	1 1.794896737e-07 95.095
	1.05 1.884641574e-07 99.5922375
	1.1 1.974386411e-07 104.06495
	1.15 2.064131248e-07 108.5131375
	1.2 2.153876084e-07 112.9368
	1.25 2.243620921e-07 117.3359375
	1.3 2.333365758e-07 121.71055
	1.35 2.423110595e-07 126.0606375
	1.4 2.512855432e-07 130.3862
	1.45 2.602600269e-07 134.6872375
	1.5 2.692345105e-07 138.96375
	1.55 2.782089942e-07 143.2157375
	1.6 2.871834779e-07 147.4432
	1.65 2.961579616e-07 151.6461375
	1.7 3.051324453e-07 155.82455
	1.75 3.14106929e-07 159.9784375
	1.8 3.230814127e-07 164.1078
	1.85 3.320558963e-07 168.2126375
	1.9 3.4103038e-07 172.29295
	1.95 3.500048637e-07 176.3487375
	2 3.589793474e-07 180.38
	2.05 3.679538311e-07 184.3867375
	2.1 3.769283148e-07 188.36895
	2.15 3.859027984e-07 192.3266375
	2.2 3.948772821e-07 196.2598
	2.25 4.038517658e-07 200.1684375
	2.3 4.128262495e-07 204.05255
	2.35 4.218007332e-07 207.9121375
	2.4 4.307752169e-07 211.7472
	2.45 4.397497006e-07 215.5577375
	2.5 4.487241842e-07 219.34375
	2.55 4.576986679e-07 223.1052375
	2.6 4.666731516e-07 226.8422
	2.65 4.756476353e-07 230.5546375
	2.7 4.84622119e-07 234.24255
	2.75 4.935966027e-07 237.9059375
	2.8 5.025710864e-07 241.5448
	2.85 5.1154557e-07 245.1591375
	2.9 5.205200537e-07 248.74895
	2.95 5.294945374e-07 252.3142375
	3 5.384690211e-07 255.855
	3.05 5.474435048e-07 259.3712375
	3.1 5.564179885e-07 262.86295
	3.15 5.653924721e-07 266.3301375
	3.2 5.743669558e-07 269.7728
	3.25 5.833414395e-07 273.1909375
	3.3 5.923159232e-07 276.58455
	3.35 6.012904069e-07 279.9536375
	3.4 6.102648906e-07 283.2982
	3.45 6.192393743e-07 286.6182375
	3.5 6.282138579e-07 289.91375
	3.55 6.371883416e-07 293.1847375
	3.6 6.461628253e-07 296.4312
	3.65 6.55137309e-07 299.6531375
	3.7 6.641117927e-07 302.85055
	3.75 6.730862764e-07 306.0234375
	3.8 6.8206076e-07 309.1718
	3.85 6.910352437e-07 312.2956375
	3.9 7.000097274e-07 315.39495
	3.95 7.089842111e-07 318.4697375
	4 7.179586948e-07 321.52
	4.05 7.269331785e-07 324.5457375
	4.1 7.359076622e-07 327.54695
	4.15 7.448821458e-07 330.5236375
	4.2 7.538566295e-07 333.4758
	4.25 7.628311132e-07 336.4034375
	4.3 7.718055969e-07 339.30655
	4.35 7.807800806e-07 342.1851375
	4.4 7.897545643e-07 345.0392
	4.45 7.987290479e-07 347.8687375
	4.5 8.077035316e-07 350.67375
	4.55 8.166780153e-07 353.4542375
	4.6 8.25652499e-07 356.2102
	4.65 8.346269827e-07 358.9416375
	4.7 8.436014664e-07 361.64855
	4.75 8.525759501e-07 364.3309375
	4.8 8.615504337e-07 366.9888
	4.85 8.705249174e-07 369.6221375
	4.9 8.794994011e-07 372.23095
	4.95 8.884738848e-07 374.8152375
	5 8.974483685e-07 377.375
	5.05 9.064228522e-07 379.9102375
	5.1 9.153973359e-07 382.42095
	5.15 9.243718195e-07 384.9071375
	5.2 9.333463032e-07 387.3688
	5.25 9.423207869e-07 389.8059375
	5.3 9.512952706e-07 392.21855
	5.35 9.602697543e-07 394.6066375
	5.4 9.69244238e-07 396.9702
	5.45 9.782187216e-07 399.3092375
	5.5 9.871932053e-07 401.62375
	5.55 9.96167689e-07 403.9137375
	5.6 1.005142173e-06 406.1792
	5.65 1.014116656e-06 408.4201375
	5.7 1.02309114e-06 410.63655
	5.75 1.032065624e-06 412.8284375
	5.8 1.041040107e-06 414.9958
	5.85 1.050014591e-06 417.1386375
	5.9 1.058989075e-06 419.25695
	5.95 1.067963558e-06 421.3507375
	6 1.076938042e-06 423.42
	6.05 1.085912526e-06 425.4647375
	6.1 1.09488701e-06 427.48495
	6.15 1.103861493e-06 429.4806375
	6.2 1.112835977e-06 431.4518
	6.25 1.121810461e-06 433.3984375
	6.3 1.130784944e-06 435.32055
	6.35 1.139759428e-06 437.2181375
	6.4 1.148733912e-06 439.0912
	6.45 1.157708395e-06 440.9397375
	6.5 1.166682879e-06 442.76375
	6.55 1.175657363e-06 444.5632375
	6.6 1.184631846e-06 446.3382
	6.65 1.19360633e-06 448.0886375
	6.7 1.202580814e-06 449.81455
	6.75 1.211555297e-06 451.5159375
	6.8 1.220529781e-06 453.1928
	6.85 1.229504265e-06 454.8451375
	6.9 1.238478749e-06 456.47295
	6.95 1.247453232e-06 458.0762375
	7 1.256427716e-06 459.655
	7.05 1.2654022e-06 461.2092375
	7.1 1.274376683e-06 462.73895
	7.15 1.283351167e-06 464.2441375
	7.2 1.292325651e-06 465.7248
	7.25 1.301300134e-06 467.1809375
	7.3 1.310274618e-06 468.61255
	7.35 1.319249102e-06 470.0196375
	7.4 1.328223585e-06 471.4022
	7.45 1.337198069e-06 472.7602375
	7.5 1.346172553e-06 474.09375
	7.55 1.355147036e-06 475.4027375
	7.6 1.36412152e-06 476.6872
	7.65 1.373096004e-06 477.9471375
	7.7 1.382070487e-06 479.18255
	7.75 1.391044971e-06 480.3934375
	7.8 1.400019455e-06 481.5798
	7.85 1.408993939e-06 482.7416375
	7.9 1.417968422e-06 483.87895
	7.95 1.426942906e-06 484.9917375
	8 1.43591739e-06 486.08
	8.05 1.444891873e-06 487.1437375
	8.1 1.453866357e-06 488.18295
	8.15 1.462840841e-06 489.1976375
	8.2 1.471815324e-06 490.1878
	8.25 1.480789808e-06 491.1534375
	8.3 1.489764292e-06 492.09455
	8.35 1.498738775e-06 493.0111375
	8.4 1.507713259e-06 493.9032
	8.45 1.516687743e-06 494.7707375
	8.5 1.525662226e-06 495.61375
	8.55 1.53463671e-06 496.4322375
	8.6 1.543611194e-06 497.2262
	8.65 1.552585677e-06 497.9956375
	8.7 1.561560161e-06 498.74055
	8.75 1.570534645e-06 499.4609375
	8.8 1.579509129e-06 500.1568
	8.85 1.588483612e-06 500.8281375
	8.9 1.597458096e-06 501.47495
	8.95 1.60643258e-06 502.0972375
	9 1.615407063e-06 502.695
	9.05 1.624381547e-06 503.2682375
	9.1 1.633356031e-06 503.81695
	9.15 1.642330514e-06 504.3411375
	9.2 1.651304998e-06 504.8408
	9.25 1.660279482e-06 505.3159375
	9.3 1.669253965e-06 505.76655
	9.35 1.678228449e-06 506.1926375
	9.4 1.687202933e-06 506.5942
	9.45 1.696177416e-06 506.9712375
	9.5 1.7051519e-06 507.32375
	9.55 1.714126384e-06 507.6517375
	9.6 1.723100867e-06 507.9552
	9.65 1.732075351e-06 508.2341375
	9.7 1.741049835e-06 508.48855
	9.75 1.750024319e-06 508.7184375
	9.8 1.758998802e-06 508.9238
	9.85 1.767973286e-06 509.1046375
	9.9 1.77694777e-06 509.26095
	9.95 1.785922253e-06 509.3927375
	10 1.794896737e-06 509.5
	10.05 1.803871221e-06 509.5827375
	10.1 1.812845704e-06 509.64095
	10.15 1.821820188e-06 509.6746375
	10.2 1.830794672e-06 509.6838
	10.25 1.839769155e-06 509.6684375
	10.3 1.848743639e-06 509.62855
	10.35 1.857718123e-06 509.5641375
	10.4 1.866692606e-06 509.4752
	10.45 1.87566709e-06 509.3617375
	10.5 1.884641574e-06 509.22375
	10.55 1.893616057e-06 509.0612375
	10.6 1.902590541e-06 508.8742
	10.65 1.911565025e-06 508.6626375
	10.7 1.920539509e-06 508.42655
	10.75 1.929513992e-06 508.1659375
	10.8 1.938488476e-06 507.8808
	10.85 1.94746296e-06 507.5711375
	10.9 1.956437443e-06 507.23695
	10.95 1.965411927e-06 506.8782375
	11 1.974386411e-06 506.495
	11.05 1.983360894e-06 506.0872375
	11.1 1.992335378e-06 505.65495
	11.15 2.001309862e-06 505.1981375
	11.2 2.010284345e-06 504.7168
	11.25 2.019258829e-06 504.2109375
	11.3 2.028233313e-06 503.68055
	11.35 2.037207796e-06 503.1256375
	11.4 2.04618228e-06 502.5462
	11.45 2.055156764e-06 501.9422375
	11.5 2.064131248e-06 501.31375
	11.55 2.073105731e-06 500.6607375
	11.6 2.082080215e-06 499.9832
	11.65 2.091054699e-06 499.2811375
	11.7 2.100029182e-06 498.55455
	11.75 2.109003666e-06 497.8034375
	11.8 2.11797815e-06 497.0278
	11.85 2.126952633e-06 496.2276375
	11.9 2.135927117e-06 495.40295
	11.95 2.144901601e-06 494.5537375
	12 2.153876084e-06 493.68
	12.05 2.162850568e-06 492.7817375
	12.1 2.171825052e-06 491.85895
	12.15 2.180799535e-06 490.9116375
	12.2 2.189774019e-06 489.9398
	12.25 2.198748503e-06 488.9434375
	12.3 2.207722986e-06 487.92255
	12.35 2.21669747e-06 486.8771375
	12.4 2.225671954e-06 485.8072
	12.45 2.234646438e-06 484.7127375
	12.5 2.243620921e-06 483.59375
	12.55 2.252595405e-06 482.4502375
	12.6 2.261569889e-06 481.2822
	12.65 2.270544372e-06 480.0896375
	12.7 2.279518856e-06 478.87255
	12.75 2.28849334e-06 477.6309375
	12.8 2.297467823e-06 476.3648
	12.85 2.306442307e-06 475.0741375
	12.9 2.315416791e-06 473.75895
	12.95 2.324391274e-06 472.4192375
	13 2.333365758e-06 471.055
	13.05 2.342340242e-06 469.6662375
	13.1 2.351314725e-06 468.25295
	13.15 2.360289209e-06 466.8151375
	13.2 2.369263693e-06 465.3528
	13.25 2.378238176e-06 463.8659375
	13.3 2.38721266e-06 462.35455
	13.35 2.396187144e-06 460.8186375
	13.4 2.405161628e-06 459.2582
	13.45 2.414136111e-06 457.6732375
	13.5 2.423110595e-06 456.06375
	13.55 2.432085079e-06 454.4297375
	13.6 2.441059562e-06 452.7712
	13.65 2.450034046e-06 451.0881375
	13.7 2.45900853e-06 449.38055
	13.75 2.467983013e-06 447.6484375
	13.8 2.476957497e-06 445.8918
	13.85 2.485931981e-06 444.1106375
	13.9 2.494906464e-06 442.30495
	13.95 2.503880948e-06 440.4747375
	14 2.512855432e-06 438.62
	14.05 2.521829915e-06 436.7407375
	14.1 2.530804399e-06 434.83695
	14.15 2.539778883e-06 432.9086375
	14.2 2.548753366e-06 430.9558
	14.25 2.55772785e-06 428.9784375
	14.3 2.566702334e-06 426.97655
	14.35 2.575676818e-06 424.9501375
	14.4 2.584651301e-06 422.8992
	14.45 2.593625785e-06 420.8237375
	14.5 2.602600269e-06 418.72375
	14.55 2.611574752e-06 416.5992375
	14.6 2.620549236e-06 414.4502
	14.65 2.62952372e-06 412.2766375
	14.7 2.638498203e-06 410.07855
	14.75 2.647472687e-06 407.8559375
	14.8 2.656447171e-06 405.6088
	14.85 2.665421654e-06 403.3371375
	14.9 2.674396138e-06 401.04095
	14.95 2.683370622e-06 398.7202375
	15 2.692345105e-06 396.375
	15.05 2.701319589e-06 394.0052375
	15.1 2.710294073e-06 391.61095
	15.15 2.719268557e-06 389.1921375
	15.2 2.72824304e-06 386.7488
	15.25 2.737217524e-06 384.2809375
	15.3 2.746192008e-06 381.78855
	15.35 2.755166491e-06 379.2716375
	15.4 2.764140975e-06 376.7302
	15.45 2.773115459e-06 374.1642375
	15.5 2.782089942e-06 371.57375
	15.55 2.791064426e-06 368.9587375
	15.6 2.80003891e-06 366.3192
	15.65 2.809013393e-06 363.6551375
	15.7 2.817987877e-06 360.96655
	15.75 2.826962361e-06 358.2534375
	15.8 2.835936844e-06 355.5158
	15.85 2.844911328e-06 352.7536375
	15.9 2.853885812e-06 349.96695
	15.95 2.862860295e-06 347.1557375
	16 2.871834779e-06 344.32
	16.05 2.880809263e-06 341.4597375
	16.1 2.889783747e-06 338.57495
	16.15 2.89875823e-06 335.6656375
	16.2 2.907732714e-06 332.7318
	16.25 2.916707198e-06 329.7734375
	16.3 2.925681681e-06 326.79055
	16.35 2.934656165e-06 323.7831375
	16.4 2.943630649e-06 320.7512
	16.45 2.952605132e-06 317.6947375
	16.5 2.961579616e-06 314.61375
	16.55 2.9705541e-06 311.5082375
	16.6 2.979528583e-06 308.3782
	16.65 2.988503067e-06 305.2236375
	16.7 2.997477551e-06 302.04455
	16.75 3.006452034e-06 298.8409375
	16.8 3.015426518e-06 295.6128
	16.85 3.024401002e-06 292.3601375
	16.9 3.033375485e-06 289.08295
	16.95 3.042349969e-06 285.7812375
	17 3.051324453e-06 282.455
	17.05 3.060298937e-06 279.1042375
	17.1 3.06927342e-06 275.72895
	17.15 3.078247904e-06 272.3291375
	17.2 3.087222388e-06 268.9048
	17.25 3.096196871e-06 265.4559375
	17.3 3.105171355e-06 261.98255
	17.35 3.114145839e-06 258.4846375
	17.4 3.123120322e-06 254.9622
	17.45 3.132094806e-06 251.4152375
	17.5 3.14106929e-06 247.84375
	17.55 3.150043773e-06 244.2477375
	17.6 3.159018257e-06 240.6272
	17.65 3.167992741e-06 236.9821375
	17.7 3.176967224e-06 233.31255
	17.75 3.185941708e-06 229.6184375
	17.8 3.194916192e-06 225.8998
	17.85 3.203890675e-06 222.1566375
	17.9 3.212865159e-06 218.38895
	17.95 3.221839643e-06 214.5967375
	18 3.230814127e-06 210.78
	18.05 3.23978861e-06 206.9387375
	18.1 3.248763094e-06 203.07295
	18.15 3.257737578e-06 199.1826375
	18.2 3.266712061e-06 195.2678
	18.25 3.275686545e-06 191.3284375
	18.3 3.284661029e-06 187.36455
	18.35 3.293635512e-06 183.3761375
	18.4 3.302609996e-06 179.3632
	18.45 3.31158448e-06 175.3257375
	18.5 3.320558963e-06 171.26375
	18.55 3.329533447e-06 167.1772375
	18.6 3.338507931e-06 163.0662
	18.65 3.347482414e-06 158.9306375
	18.7 3.356456898e-06 154.77055
	18.75 3.365431382e-06 150.5859375
	18.8 3.374405865e-06 146.3768
	18.85 3.383380349e-06 142.1431375
	18.9 3.392354833e-06 137.88495
	18.95 3.401329317e-06 133.6022375
	19 3.4103038e-06 129.295
	19.05 3.419278284e-06 124.9632375
	19.1 3.428252768e-06 120.60695
	19.15 3.437227251e-06 116.2261375
	19.2 3.446201735e-06 111.8208
	19.25 3.455176219e-06 107.3909375
	19.3 3.464150702e-06 102.93655
	19.35 3.473125186e-06 98.4576375
	19.4 3.48209967e-06 93.9542
	19.45 3.491074153e-06 89.4262375
	19.5 3.500048637e-06 84.87375
	19.55 3.509023121e-06 80.2967375
	19.6 3.517997604e-06 75.6952
	19.65 3.526972088e-06 71.0691375
	19.7 3.535946572e-06 66.41855
	19.75 3.544921056e-06 61.7434375
	19.8 3.553895539e-06 57.0438
	19.85 3.562870023e-06 52.3196375
	19.9 3.571844507e-06 47.57095
	19.95 3.58081899e-06 42.7977375
	20 3.589793474e-06 38
	20.05 3.598767958e-06 33.1777375
	20.1 3.607742441e-06 28.33095
	20.15 3.616716925e-06 23.4596375
	20.2 3.625691409e-06 18.5638
	20.25 3.634665892e-06 13.6434375
	20.3 3.643640376e-06 8.69855
	20.35 3.65261486e-06 3.7291375


	# launch angle :    90
